beta_o sd_o beta_r sd_r
0.85674891957208 0.126279123032414 0.977603692312763 0.136913456816757
0.970622385301491 0.145170953550823 0.785075789837328 0.148301499726002
1.22654696541854 0.139612747486439 0.955263638759578 0.126451950649869
1.06632550270162 0.134178619288448 0.849100393172219 0.147455964340385
0.899412459778394 0.136240069026285 0.899045705187535 0.125657641617261
1.0541992922472 0.140519300030422 0.926433990422307 0.140723733801778
0.909746204366329 0.150785796389638 1.04624669993154 0.139863756956487
0.851872248697168 0.139446084598869 1.20021330800361 0.151471669521266
1.18146727241448 0.140967491328814 1.10479777537798 0.135255877310446
1.14982586223371 0.150664305253218 0.722012504083536 0.142463179349668
1.01686533855591 0.146694770899262 1.07367902189562 0.156947245827412
1.10270869881183 0.136177808955542 0.847545769028789 0.139664898868161
1.00715863926091 0.14745352911234 1.02750306980748 0.152069964345509
0.584239173514695 0.148128858918278 1.03839216550512 0.137766678481121
0.880330075218583 0.143956029738182 1.11340844756006 0.132404122756942
0.718620601585065 0.127114150736038 1.24383221994028 0.131042580639279
0.810132323915687 0.134456855972032 1.0350260639527 0.134455448141639
1.0092624364069 0.138447724729898 1.07922556913905 0.135166910985381
1.08648891788773 0.122554897254258 0.836778827545984 0.142469900504693
1.14911234705771 0.144154196224212 1.11467968735947 0.139026452872014
0.766082380714332 0.151558228377907 1.22550758510812 0.147901792552138
1.11921506174277 0.138191133022525 1.05049635555442 0.141868158978635
1.09290263536523 0.152235319789614 0.943065858737838 0.131146687318206
1.1777019973844 0.140548089996163 0.850844312701246 0.132878139334841
0.959433158916893 0.135782335563534 0.918995285276708 0.145598127244853
1.10286310801863 0.14840986334395 1.13525362868693 0.133498183178514
1.04481533302728 0.138090449985139 1.04573540591003 0.144554316601584
0.770201314520149 0.139948628343886 0.926435699657692 0.143446960075037
0.999697592828239 0.146705708913001 0.816122198827196 0.1414093120093
0.949915206660487 0.131804836738703 0.966507196940219 0.13885394121568
0.979618744921395 0.132836656985645 0.717978556967226 0.13848432112572
0.92307934399039 0.138163947468701 0.812529882146371 0.136610331782402
1.08302103114014 0.139938992650164 0.927713081737408 0.147012115852412
0.997683138713116 0.146055000429126 1.07355901984098 0.142981537163058
0.961382419810688 0.15470811843862 0.863492535162968 0.137921794719537
1.16352899034473 0.146297917908722 1.07482193750973 0.139564301285073
0.83839177547667 0.139010753311719 1.04782168297316 0.145298354464805
0.704413353928722 0.146600605395914 0.808822391243988 0.153697442642302
0.992938723355835 0.149522958779625 1.06454966996123 0.127847870186152
1.09388464536012 0.132358046783337 1.16844550316168 0.130986783937166
0.901561782772835 0.141862781317051 1.01713111636063 0.145193432310852
1.28700554431332 0.134794025972195 1.12263318157652 0.135805033645802
1.20871507177406 0.144111141166142 1.00530966673722 0.138777699521295
0.775640873963645 0.1518449482209 0.63412022902401 0.133226559357856
1.24548321861833 0.151198986915555 1.07787247409877 0.140211937330101
1.0164398501157 0.149796378076442 0.956547274834904 0.138026324988453
0.888481899797282 0.133654785880728 0.853214303947855 0.146102645791895
1.21708963260344 0.140401727784125 0.952711516228863 0.14576178980311
0.903086337006962 0.138963331282938 0.99237310853795 0.147206068913127
0.92981955284297 0.135540696735871 1.07802155126623 0.138940643511593
1.12903766247577 0.139161285747178 1.10710367559323 0.141324124125322
0.856469555597381 0.14162763512038 1.15573192045306 0.144752869575627
0.621743758816467 0.13689608935198 0.860960971773971 0.130349985531582
0.564609175385362 0.130525737062388 1.04382838229605 0.143566728769344
0.751724709981874 0.123496260768676 0.887163833654925 0.142186370231515
0.9138774509764 0.143740311782941 0.829881818631382 0.142946970842805
1.04288348355292 0.142979736338714 1.00336128580852 0.148330168100223
0.879162886905053 0.145534749606688 0.991333945056666 0.134531813680213
0.809946082883984 0.151533750604362 0.799743684180928 0.151734051811972
1.12544885815918 0.139599106274223 0.963603756204242 0.14467871344746
0.826638818129603 0.138207475472516 0.849921690257281 0.128266226086995
1.06076797443052 0.139139374055285 0.948592860390181 0.137912265865591
0.627847283794653 0.14645838609019 1.27474701809921 0.149050057964175
0.740428955565035 0.142126885889633 1.0183033522717 0.141330584185993
1.14099043414134 0.145234220605197 1.05124635643275 0.149808916111533
0.878925511733992 0.141123077348254 1.0803049300645 0.129958638337867
1.14102334283162 0.133782969700963 0.847706814725277 0.139605182313506
1.31610855122436 0.144287504110853 0.991058928975051 0.136699494394599
0.941855017169831 0.145908334091954 1.08043074098267 0.145286870329725
0.85416901476922 0.146029080917345 0.815879153065244 0.149529826410459
1.14371583018382 0.156430062642124 0.874762201777482 0.139648529507284
1.1418422078997 0.149129716002742 0.918196544731334 0.14561313564748
0.770587471185294 0.140160965709236 0.976326054283657 0.133470508185844
0.719018121382735 0.13808427693897 1.11212189630474 0.145531852536748
1.29475665038615 0.150733261981302 0.903828812686868 0.146446946522756
0.793007301583423 0.148224159241106 1.15320926981154 0.129783847263013
1.10475678743233 0.147011842430739 0.87895820274189 0.137446701008166
1.05866585783651 0.15248006181602 0.929866791394093 0.138542430851149
1.42358040658592 0.12996471454362 0.893813536724145 0.140369441468248
0.957659183609453 0.138497762703643 0.775776213038099 0.153522087268564
1.43246360384627 0.132293999300866 1.11795337360963 0.140566959513457
1.22786323406772 0.144653797938027 0.921273940347978 0.13259800340016
1.14513469317035 0.13977803330117 0.815742817535081 0.131384555013086
1.04101762734664 0.1291040160626 1.03713602687755 0.150037084537814
0.867830304229771 0.134409427340173 1.24760851072826 0.137316385437424
0.949509410652085 0.141115413666879 0.817601928189994 0.13379594886195
0.932365394301839 0.126482155495844 1.05224729904249 0.138835021378477
0.852722253188031 0.137124315770686 1.0419601838988 0.139828370760482
0.922403631792669 0.142639366597775 1.08688043511437 0.14701789066467
0.826320369332747 0.143442394475916 0.906604281413002 0.152896395868703
0.992126229490945 0.141310205478557 0.896409334275701 0.145479004216323
1.09397453024406 0.132220634427552 0.703187157317388 0.135677890343466
1.09050142743606 0.136253785862608 1.20166417530916 0.133434193279118
0.86473343184889 0.139744223789686 1.17304809738867 0.140705962516274
1.27920970456838 0.147132521303857 0.840146846297259 0.138736634096676
0.815548454541955 0.142860121326563 1.12391665596232 0.145693716289456
1.01978315447613 0.136530076306455 0.739065473020547 0.143655022612635
0.924312656764726 0.141786502134928 0.763909700495478 0.134593882246881
0.847727334898055 0.127175504144417 1.30442707001899 0.145482990443402
0.780055792994351 0.143149947294166 0.861395113204018 0.139557484246984
0.822389246614178 0.138354241590332 0.911878752582304 0.139418409546783
0.998029287212377 0.133430509886811 0.920367592354148 0.139472305895097
1.06611981353842 0.144632830500649 1.09283561868809 0.138751935290013
0.965834632161707 0.142751697746014 1.07831130618159 0.14131222600084
0.711304259405947 0.147849359321719 0.795177656016277 0.148605000212548
1.01149251035556 0.139070406392325 1.19858583871303 0.145059267073603
0.693379776665043 0.145469611287988 1.05753912641543 0.142835585409553
1.32873097242059 0.147450274156403 0.962671274437888 0.139259681791948
1.01267233927582 0.138799623332436 1.11224857609684 0.139988522094029
1.21787497097543 0.136550754277793 1.01673534973633 0.138687773743763
0.968563901751955 0.160320421332602 1.06665597337765 0.141310435557483
0.992596527306663 0.139888357862307 0.795745847802866 0.124072579768447
0.779630732107564 0.14087555012382 0.716512404367613 0.138720207392722
1.05351366984286 0.151166954798186 0.858018827711134 0.136255075504454
0.691227319174081 0.154993195092483 0.677972549514147 0.141936150833526
1.33020231760773 0.144798135892902 0.927033791491006 0.148679792377237
0.763698308647921 0.140321767613595 0.980941915877721 0.164781214131776
1.28904502987085 0.148558440010919 0.80942579688354 0.131187931286685
1.08142983238162 0.132996369206616 0.701089206906376 0.149719204247713
0.793410822422345 0.146295073935275 0.86968378318605 0.137680239702899
0.924622195099993 0.13628848057473 0.991046496691846 0.156303130443936
1.07287504095835 0.132709077565544 1.14626794842212 0.13912646882097
0.802982757146164 0.131997363192281 0.972694908954135 0.133060663873515
0.891550682850039 0.140168016025776 0.999563198683901 0.141980771256602
1.16247939470091 0.143790377703179 0.789295453561655 0.135640050126178
1.12711526634385 0.140676967750008 1.02197783729573 0.128358929004865
1.09573582370857 0.133519465114461 1.14526793535372 0.137098301888011
1.09269329817883 0.154173413493388 1.17889837897252 0.141011400504057
1.15509746772771 0.141655523116978 0.957269835294576 0.134745929293399
1.12278778672277 0.133388916538016 0.919529510914515 0.151201237719727
0.787604703165718 0.132272973825455 1.01780811347287 0.146448313201398
1.06784444198607 0.142849532851129 0.912066956743919 0.142183479073112
1.25948374914638 0.139127832758777 0.841390379143954 0.149819029641449
1.0831565491692 0.144586140587954 1.08639505876572 0.137796332482666
1.11982191303069 0.148630555964599 0.614401479298419 0.144312325755372
0.888208579410891 0.135696957318966 0.863574602461663 0.148440339108836
0.719022994895294 0.145959143347991 1.07319470821067 0.145889336096806
1.30470281369112 0.132944896694686 1.04706446996222 0.134350919051175
0.950892141804977 0.145894608329684 0.70021419400567 0.14147797910247
1.39913716884028 0.131093779434871 0.944435476359664 0.144542842981497
0.911470432708107 0.136444732849784 0.854447873958809 0.144458393558444
1.26035995996678 0.145562028816978 1.15456815688453 0.15058235510993
0.973680140317491 0.15597755128314 1.14187492929791 0.137619480936974
1.04433404821403 0.129225034769685 0.792988346191201 0.143755501561213
0.91697155740301 0.139457674814526 0.895545662853876 0.141605879059532
1.19008430311204 0.136525428011795 1.04685810008737 0.153275329418851
1.03579010400031 0.132433533229148 0.899038963817032 0.144648752617884
0.886219163419323 0.160625852331222 1.12411357188576 0.139901999339308
0.691393839272437 0.147971016920034 1.04665195419725 0.145245979959293
1.35230965934513 0.136159131832388 0.783387030873136 0.149253411954933
0.997974355797304 0.146884685929155 1.19204702779173 0.140297708689643
1.01328108925525 0.144299515303727 1.11022636551425 0.137695040573552
0.780967284354492 0.141086424017218 0.903024632507287 0.139749201287603
1.04118713812559 0.142205605641042 0.899802081806643 0.13783738694914
1.08452630950379 0.139180929161088 1.07834480754721 0.140909893446852
0.847284202709762 0.139572725782259 1.05086312569035 0.14597496433403
0.873246619511173 0.142731433356883 0.969197696108823 0.130703616192651
0.834606817426533 0.13505932064129 1.18189949182419 0.143793324502592
0.974916383986562 0.135014792628953 1.0485258071994 0.126315360703656
1.00215826161126 0.144586144966213 1.00834272544889 0.148223920412011
0.631692581775781 0.139977835121984 1.1243092440475 0.131446987008232
1.11250512028216 0.130592863002541 1.11040051667102 0.148242802010367
1.06805136806301 0.128581092845295 1.10242543797848 0.148091165885492
0.895616361356047 0.142243017887132 0.903096449162634 0.13552097311821
1.00297102340847 0.14244127318446 0.92644784050408 0.143543934141928
1.01764021971318 0.138764046565303 0.907697393031926 0.150179248946283
0.955386302541741 0.13738958632521 1.08332059823018 0.158933261569516
0.867692772719893 0.140817735276925 1.19714761454602 0.146655212594158
0.926659545425403 0.144446704670636 1.00168199965163 0.146143162340074
1.19367305608462 0.134979657355558 1.01227220899393 0.139387383184653
0.86663254606418 0.142057551023163 1.10330980237115 0.137324738332834
0.944612379899477 0.139111146113629 0.937220254373391 0.151219223270913
0.783306814085663 0.13594411751006 0.610970101147345 0.143617880149322
0.575677524449235 0.1523100942709 1.26760438085173 0.14491926997453
0.889510639416396 0.137769986030558 0.801167747826619 0.140936170413016
0.586463941851112 0.137146158771436 0.973576535922541 0.150334495049015
1.03190953282671 0.134428713926011 1.41820771558898 0.150947323407472
0.996735078280665 0.139995350662913 0.980576226557858 0.125914532585095
1.04401001668095 0.142486566426548 0.851269125418327 0.145511048915018
1.07543116194123 0.144109415984253 0.930639647278618 0.137011803850366
1.26871538737669 0.143364390067999 1.0356390751766 0.141653865939073
1.31216879198406 0.13662769559959 1.08034330727099 0.138022082449582
1.08355632399745 0.158331735286475 0.748522787230089 0.141796873642794
1.01765194816 0.13098326838317 1.17896340496381 0.157439656465697
0.935984713691844 0.129092471529016 1.11900631006244 0.14845071687676
1.30610378495555 0.137931559675022 1.29680474095114 0.145397895466512
0.990811032592775 0.144189761197191 0.906344151000779 0.144920427791949
0.98324239339578 0.147561585381762 1.16683255564464 0.137110972589893
1.04151263237502 0.151927736066833 1.09523975709111 0.133710801027312
1.10805749092538 0.138393439566247 0.917420691438165 0.147117642826837
0.982724683709837 0.141525927469902 1.01811609401707 0.137112166667685
1.20383636254615 0.155568770284981 1.03896463140607 0.137895657326926
1.1624339409151 0.152349718265014 0.754808171672697 0.146246244013213
0.586060138587197 0.15155320713141 1.05452325939551 0.145243793258802
1.01398479896381 0.129509433324174 1.08742623905659 0.134383283196649
1.09536645881175 0.143423106020797 0.868281923288037 0.140617461622972
0.652456443822232 0.137738323144577 0.827557419290467 0.150340558172215
0.847856104927464 0.143882848542109 0.967942976592845 0.160883859753945
0.697633504920814 0.133979987450128 1.1057651136646 0.137019184896746
1.09069907122587 0.133458276476904 1.10467316573978 0.137157225505651
0.666181920266259 0.165473915767999 0.974199532183604 0.128067347906949
0.579933908178591 0.148862113396584 0.979591241194145 0.13775516535636
1.24637209970481 0.160906253936384 0.888126191002886 0.147033925238125
0.751582702473135 0.137308629874078 0.905107308079766 0.135131231903446
1.22822859447052 0.142482895267947 1.00552305566227 0.142843496631095
1.19185824648339 0.1481821140317 0.652049469930594 0.149249334097931
0.791377885768417 0.144644482581519 1.1990604076578 0.142429437090805
1.13889761674634 0.136438979746008 0.885964384882397 0.133698140089323
1.04002646542749 0.13797380213184 0.7893169513507 0.145528551511507
1.17937610767208 0.142169779027207 1.09359498848627 0.133973307779405
0.908727281984145 0.149327827108456 0.784175543120192 0.130803773937443
0.97361885421916 0.145827592784667 0.989518028999857 0.148973981702173
0.946823353719317 0.144949973223716 0.99633096530229 0.137296247631077
1.27564296755885 0.141266271550199 0.997679765799446 0.138757855177359
0.902049124593621 0.149939603172502 1.09085198945814 0.147212811092313
1.04041632536382 0.124940864906696 1.02821661314974 0.151891270175572
1.06909064929308 0.14889313639594 1.00805783258405 0.131880095993412
0.768477730210511 0.133660030749223 0.905726323828924 0.142645877216239
1.10159904089491 0.131427234523894 0.92701164682266 0.137770141387932
1.1213821411329 0.140185995870375 1.02827771457086 0.144253497064064
0.957539886619427 0.140082691368617 1.02945636356858 0.133147738575004
0.726610219392892 0.14088977591352 0.852787344572916 0.141516943755
1.01182169804507 0.14889393784532 0.972978347337259 0.147940461789628
1.17850603307574 0.143891500881411 0.994972117521964 0.147197639347588
0.963170395347636 0.152095432956974 0.869157977117596 0.151163760498349
1.23856913751278 0.140273709754305 0.891495810242834 0.141298316458389
1.20876108062226 0.137840972366016 1.16048917657747 0.143349885454447
1.14752333585207 0.135680489477955 0.948207040902544 0.151561154029511
1.16899911161577 0.12789596630167 1.03660106066279 0.154109844168698
0.955246298715327 0.147838048609574 0.914308171433041 0.150240942234085
0.905783285503646 0.14871598147729 0.830352411990874 0.145800001844206
1.00069791008323 0.128840754754847 0.670601339105106 0.14469320478349
0.996707705734008 0.134224746070085 0.802295452891379 0.137628246465789
0.837518997240348 0.138753670940482 1.0977422556162 0.135151183060513
1.14391962450698 0.15644213995515 0.985960757306755 0.140147720745536
1.29025870385513 0.13525494538282 0.83098433965634 0.149358083582679
1.30972118571767 0.133251296736866 1.03965718606483 0.147541837944071
0.759653579592023 0.130987845159542 0.995205249631422 0.144462713466997
1.11787579281661 0.136065535397501 0.952573691319664 0.142533651689075
0.86385656683787 0.144520171168509 0.830719926697715 0.137903883438949
0.967880445117025 0.130017655898443 1.07494583984876 0.142213740345247
0.941153428263776 0.132010615882904 1.14264480948213 0.131774364615848
0.986640155953486 0.15188211791968 0.900833162431309 0.144017736978526
1.14319023400241 0.143164232887879 1.07699596467866 0.138771536118346
1.00452233400346 0.145876250918998 1.0736097696082 0.149311638649969
1.14954187341935 0.139456687184583 0.89648063434149 0.137090783296001
1.05750330151258 0.139412223729153 1.09425468690124 0.129650640222194
1.20498644517033 0.131118982988791 0.918788432980642 0.14532431175842
1.06054878774768 0.137567137284178 1.11686289818885 0.140835677041904
1.12530396647895 0.137043151019082 0.912480876418007 0.14933205383676
0.99909259933001 0.146563376552708 0.928320479147105 0.145622673116061
0.879722715805539 0.139312806399407 1.00554808632959 0.139988893291494
1.13263324589253 0.141493567311443 1.0490532807303 0.138935347593146
0.829203214251232 0.14124772944576 1.143096633787 0.139619567049563
1.11375585648685 0.152807409592688 0.913707413574955 0.148293832349788
1.04312840679548 0.125918717886145 0.985749049835022 0.143162983522328
1.17909296206315 0.151929979324492 0.865336848648743 0.156327013053771
0.57874588378543 0.153881602963531 1.00947982084908 0.142913626166881
0.845612745803639 0.148589677452598 0.917195768718302 0.143436091157896
1.08657115531942 0.144597488255429 0.939954689917726 0.140545185176007
0.710607309777623 0.136141572433297 0.719181770963948 0.143396058370834
0.897674543243567 0.138351437568449 1.08520145189828 0.139525706236895
1.12906926368323 0.133727783512177 0.892073344302193 0.13069995104166
1.01174186301496 0.148400447203538 0.931398946109945 0.146307964713483
1.21376429655211 0.153123638769126 1.27572760606575 0.124138738596832
0.985656623336943 0.143734186959149 1.05547627436698 0.140431059094335
1.09134276802429 0.141569635928753 0.986865671013797 0.140773039543325
1.13390715113317 0.15633792300003 1.04285434644325 0.146620126108664
0.671989949438241 0.147415671194726 1.15675596779116 0.14135786028754
1.0199728413654 0.142606907905141 0.809819132058923 0.15008409238806
0.723799258969095 0.143454154445971 0.902651351835386 0.150301679429013
0.947058992833032 0.135215920324426 0.869553840563479 0.131399631850159
1.00384652813186 0.140122765140229 0.886799779524959 0.136777280375805
1.08528476290148 0.156516284853573 1.02570582999281 0.153901981894238
1.04770527879885 0.144922070706896 1.03544220399033 0.143776634051754
0.95648940423394 0.139836639081614 1.14920927268906 0.146242207498486
0.850218449221075 0.136799254933044 0.863432526668984 0.143312070737219
0.774408972677805 0.155846898627871 1.19468542278137 0.127964460921475
0.609997062040462 0.144852250243898 1.12972227409398 0.137769687379072
1.03070816388967 0.14078654349772 1.10075390577673 0.149948452960098
1.04576404114068 0.152059863815232 1.04364219866115 0.140047575061443
1.29255355104243 0.138619153734758 0.850509132436195 0.150515473933928
1.12256030672055 0.142804865670889 1.01763964294762 0.131536530626269
0.727157525252351 0.132603462450447 1.01330307931498 0.132765616582561
1.14528287106098 0.142735656911992 0.825092145351428 0.149262588356961
0.734200525568068 0.137589637914999 1.17001998118704 0.136057817012119
0.689078099424226 0.152471070402809 1.11804993062364 0.142040423415654
1.28940704906608 0.140208709002802 0.773256420812509 0.136273908063092
0.992825743048234 0.119765927612542 1.06967432112193 0.13590267955393
1.20139587044728 0.147968981829532 1.08352684382843 0.150388721753895
1.08777484289106 0.146337798938092 1.03496140116526 0.146715445452082
1.07966969484523 0.152478876298073 0.914793673670448 0.143822890032716
0.591121617772986 0.154632063704479 1.0396899624746 0.136026752409748
0.995001018549681 0.161795023292571 1.09289073006524 0.137686916849579
1.00385938023628 0.134717118922697 0.878192650768226 0.153886256060359
1.14942226396348 0.143303191383811 1.29069812858104 0.147925151409774
1.1560902660674 0.133885271213571 0.671305584232865 0.151457334098551
1.04035234874173 0.133391652096125 0.909064988516093 0.13407536417736
1.05741336857071 0.131314903941305 1.0851906615108 0.146262982136761
1.10318313199989 0.129314355527489 0.829326934650131 0.128992794618387
1.08974278144837 0.132969584921454 0.771159033996611 0.150154325939422
1.23681437232523 0.136099700175654 0.931576933527716 0.133679795123588
0.912808972539551 0.131946804633176 1.11192991260882 0.137725345613208
1.29278319704292 0.146475890817008 1.28081711794264 0.154398510960748
0.797970026332393 0.137620455827758 1.17661750918343 0.138379264315879
1.40227831465508 0.140717947303082 0.962943766965254 0.131979069970262
0.84453137005291 0.149106902926212 0.890511825849529 0.147672845251055
1.2689672368438 0.14157489165101 0.897967416930798 0.134877523283759
1.08312831619616 0.133021314716458 1.1793423584442 0.127673194117414
0.735208114289788 0.151377654085957 1.25848766214694 0.150192864595458
0.710691663865425 0.144980333058906 1.03634515231484 0.138690515131045
1.24503140557902 0.147486163460496 1.25698187274899 0.141504737113326
1.12693299193768 0.144271458305016 1.06809931264484 0.138572586016047
0.957270776949975 0.136872496674893 1.26033717383905 0.148520420696682
0.830581634129223 0.15744926075829 0.835636232477262 0.142287185926744
0.971268729642437 0.150321678782617 0.987179046254481 0.149684374317689
0.866615132586808 0.149648939352069 1.0801438964495 0.144871000196539
1.15433400647426 0.134813255813259 0.872319886135832 0.128005004515622
1.02636187836571 0.127041148760737 0.738074976065077 0.141516639963
1.0819546724022 0.139607439022588 0.844305791428406 0.134073447168872
0.74836026292659 0.144496426257405 0.923045060409225 0.134959845749547
1.14620419202085 0.151758145376149 1.12378953824564 0.142009156977094
1.02279934474493 0.139363618936422 1.09718941453247 0.149760851190675
1.05936051401804 0.149554876340041 1.12111465832548 0.140873562177263
1.13442882862055 0.132402772676002 1.05597235517377 0.136804014938329
0.991685968494214 0.140355663374382 0.983255076492023 0.145830328751324
1.33843140538001 0.154682340228102 1.39056700750516 0.148819943508761
0.754074113138621 0.138035980892282 1.157986982238 0.133944713878837
0.999988652375782 0.150260756877902 0.969151445003693 0.1450269677915
1.07356789194882 0.13663307825638 1.08774395502304 0.143457346653137
0.816260204873017 0.142925942408293 0.907949699251505 0.148909669229886
1.19174912103164 0.150153985080136 0.974241445881249 0.136728049042537
0.904975148582308 0.148026679010013 1.0360958470743 0.129584907360328
1.14030706493881 0.128149483407642 0.868602104579076 0.126313395259306
1.08429323643041 0.131528782276194 1.04369567930102 0.134865198993696
0.887536560525431 0.148820803764533 0.981975841180123 0.146019916743425
1.14827305872356 0.152390199994623 1.07049351768531 0.130451352669832
0.932562177440733 0.137713703744069 1.03413288256668 0.134084413901985
1.4283958385839 0.146588683270469 1.0802623093965 0.149948509225355
1.21188164630442 0.135455954307368 0.791156395356112 0.140532658433923
1.30414260161347 0.143344397517955 0.889005362158494 0.13929494099629
1.0224316312177 0.136616825700629 0.891338387004545 0.142226337203375
0.986100445745477 0.138796864206214 1.12439550501441 0.137887125075649
0.905690272648536 0.13465404030203 1.21841162072227 0.135818414973723
1.0239968802914 0.135462840884382 0.905854846341045 0.153047880241887
1.30656538909485 0.141089126390657 1.12076130279039 0.139735721565271
1.12907527425245 0.138392595789156 0.755108102665977 0.142609067048938
0.927458995170228 0.139293093211282 0.910198844326962 0.153474387281463
1.18521711348597 0.137678548579489 1.10809423317974 0.147049951862549
1.05226352204188 0.14382916882384 0.875699497102616 0.139350110059513
1.15000394370871 0.135994609589562 0.995711608047915 0.13377715619855
0.95137280451025 0.144136967525278 0.967776645456141 0.152748226259046
1.17946066811568 0.12908844824172 0.783025979748406 0.146306425825403
1.17256896884736 0.154087199274963 1.13774707988459 0.155457008080629
0.718277713519204 0.150209244440781 1.10841666944355 0.128730051520876
1.20625078587195 0.139822861233 1.24126291538166 0.148431141797237
0.985186412858851 0.131537399625791 0.95978539369087 0.149795269122389
1.27447375587908 0.146109117022811 1.05308616919535 0.154314397218523
1.23324773605924 0.142105439050433 0.831138241498714 0.147266042159551
1.18825426431522 0.135471980322206 0.972931309266816 0.13724580765098
1.505709322411 0.156359092248855 0.9287053535586 0.129511297932211
0.814554322748354 0.151127373590722 1.11222640549317 0.133831489439074
1.04601057958373 0.133354849356244 0.891182220477552 0.131470882898663
1.45106073149168 0.146839991830325 0.799950568197231 0.136776550883699
0.93040637266386 0.131798305862633 0.885100451854558 0.13402740408064
0.98699492959341 0.12715155416984 1.08364221161173 0.126031078944996
0.924836066023903 0.148646044761266 0.943130846609586 0.126496963249767
1.12035381794727 0.124156531642594 0.712646804215946 0.149578421363023
1.06508807337046 0.140882736401225 1.22507105215033 0.139587955040669
1.09526808035608 0.133770308201668 0.981844738441325 0.151976938638239
0.763755860917543 0.145312773865373 0.769923952060054 0.137705945698214
1.05985197842526 0.135125020125377 1.02864677922907 0.140836909392786
1.02873838215654 0.126723865173637 1.03878937039444 0.134939821875529
0.785676484055193 0.147421468458377 0.899847089916666 0.141448637076801
1.01940676577343 0.14424253309916 1.18344851982835 0.135591938561384
1.01687302869076 0.139166793734431 0.996628399053899 0.139258348045161
0.951088167219572 0.143972584664623 1.02678431105165 0.1380414081509
0.982410611860058 0.140766228254802 0.935722198369301 0.130666525956942
1.07964037590828 0.137129243986888 1.07229126594253 0.154877304918909
0.981615255443009 0.131628600184333 0.950478700529848 0.153061314221641
1.24129342132167 0.152709252040074 0.949054688839092 0.137970312910703
1.1861961517486 0.136985552724006 1.02145446107483 0.134088316143489
0.741340143939025 0.133474874663806 1.01716071807886 0.145931638201312
1.10287510971093 0.129679346255019 1.01760492848266 0.131937578195536
1.03486406492963 0.138199242619206 1.38558018043008 0.135146948148571
0.873952920979016 0.131518409858775 0.944585874454707 0.138834334957387
0.929165806422838 0.144208952827782 1.28415515001138 0.137010709656956
0.849512677731949 0.150004887513624 1.29643307758056 0.149250171224758
1.07360920249821 0.13315476285003 1.0929109950454 0.151669791887301
0.849238375537384 0.145745853765205 1.11354183659303 0.131283066912771
1.31193450385034 0.143366241760983 1.02884182605917 0.140467505088037
1.19599294956742 0.148114234764318 0.974999313601413 0.14306578446455
1.0023884747806 0.136635202927784 1.13691765151667 0.131077939896235
1.17730970461262 0.1294204345296 0.885155891470674 0.142237687644615
0.787113865569578 0.134046138670719 1.09366670443808 0.150100971664978
1.21010289481701 0.146503177507224 1.05506145967954 0.136450324496981
1.24522364637599 0.144741051654287 0.818515308212334 0.141615321368631
0.818782795989405 0.145989476887322 0.955305680156617 0.143823320912329
1.29986142205836 0.150944058288977 0.62647486267802 0.140012581596351
1.08447002965141 0.128038043976851 0.882725569637414 0.129801736457772
0.798308594917768 0.145819729032529 0.982636623753214 0.142339382538857
0.881146380316327 0.148152728251449 1.09822250245445 0.149927211037179
0.930670622918361 0.134243969806016 0.673723685843509 0.141161149199964
0.961579260746177 0.135574170394928 0.852066657453018 0.141086045724384
1.14497410472952 0.143050944911208 0.983485969241965 0.140536360759734
1.15397247440365 0.143105892380119 1.31725246374798 0.152114440192222
1.10134280812038 0.136898608570966 0.991255951351293 0.150746154225548
1.25005129315816 0.148381157360875 1.02009547225592 0.134699881257457
0.966075159537011 0.146926848639966 1.04682181076812 0.127968620682877
0.85191112680493 0.143626913778962 0.683298034663872 0.143350460194385
1.02310441657504 0.135172966037434 0.925367574915485 0.12930727580989
1.31037573335893 0.148351343687783 0.833616095574906 0.132951268380975
1.08417342329169 0.138568396972865 0.759503048443251 0.134516980482671
1.39591996801104 0.133935168844218 1.05711973798761 0.141396932551778
1.0977484190387 0.136540080116379 1.20160154191911 0.150974957480221
0.794423848748772 0.137379137523673 0.94337906105965 0.151219220839855
0.865658688453738 0.148071465559222 1.10506519476163 0.142378950929644
1.05019295838085 0.146396164868719 1.0096765855345 0.143401648569443
1.10681450435319 0.137233617829391 0.919766412945835 0.130438810942057
0.868620222302046 0.156713652919329 1.06153281660451 0.143495543874997
0.857238982924586 0.138145397331875 0.976199440321445 0.119471755295854
1.04440594554346 0.154369565418452 1.08071760495189 0.154856535257173
0.928104059248388 0.143540302047678 1.08377429722899 0.137807023444416
0.759635366191747 0.137944310447631 1.05246028512247 0.152625691174414
0.725328718788781 0.142446518780186 0.930397110634937 0.135316509987772
0.955506755727101 0.148038784360877 0.999565043789221 0.14392626096512
1.32990313780817 0.13886795124103 1.16765308306353 0.143356816093157
1.11763257364847 0.129353508574534 0.872347585800727 0.127069013349345
0.866824498915279 0.138764122374159 1.20205914164792 0.139488161601207
1.4720299525027 0.142888304364656 0.912457581237355 0.136651703983201
0.860888745896597 0.150630825697089 1.07992220870592 0.138121543651551
1.34685490069741 0.125229505584098 0.852611841701091 0.150076491545001
0.981706602914248 0.147693521114847 0.901326176049189 0.142785556475709
0.96638366412524 0.140243387100154 0.885678498840805 0.159114168748801
1.01634570708981 0.135906037682099 1.04361686475666 0.137800144055676
0.704244751060178 0.141288618455145 1.06800170338703 0.143653764677629
0.956512965660776 0.150852944924363 1.01430544422432 0.149675754965917
1.06540984524934 0.141247827637417 0.899493696453593 0.124641614317594
1.29070860854939 0.142590687214858 0.681355590334024 0.138320364241476
0.713919438757076 0.152279694455304 1.05236230519852 0.134791919377356
1.00130508799502 0.134906034807391 0.843201068401737 0.139979668754878
0.96143081043794 0.14283445961638 1.14881068693909 0.150013240248872
0.922500495988932 0.135288454436053 1.20235343354562 0.152843595058975
0.904125233506106 0.146535688892604 1.18525493556142 0.134316503225719
0.949826707677997 0.141063324209178 1.21472325155524 0.13969901805432
1.34460685799825 0.143170236473594 1.12178763597218 0.142396803688081
1.37470126427268 0.142776588571768 0.976302139561192 0.135784662614648
0.996128275940785 0.147715600116017 0.944527952855802 0.140956891195212
1.15670459062344 0.145082669857021 0.871213543630691 0.144963917645978
0.99295490895229 0.136581646118725 0.828709995127394 0.146117138200351
1.29659596177499 0.146440917191452 1.10201347652317 0.146104159547864
0.987414289748488 0.146125345367964 0.848117769541422 0.1348996914517
0.863569570379256 0.138464360170956 0.926205994000639 0.142817588046729
1.29063676248898 0.136280805702301 1.08423774994353 0.135749132864038
0.834461175134404 0.127519977893755 1.12483569555819 0.148754262913951
0.952986906754989 0.14272287742244 0.825327498672322 0.142684901064908
1.25814939782734 0.138748566705357 0.598677494500404 0.136623334121324
1.12442129770827 0.147136299064246 0.744209906674005 0.140393577044164
1.31918325239639 0.140620686994392 0.965023466558982 0.149169125639169
0.663078169156947 0.130808870079554 1.14802184785065 0.151370410362871
1.03222664207434 0.141379132041365 1.01921729493145 0.147016856971765
1.35944855737974 0.144777477479422 0.926401984562457 0.152706847825005
1.15192164998795 0.138925974054739 1.25028065444012 0.140767830389333
1.31025498568216 0.14342766356402 0.958044491946937 0.141461867226202
0.656905897846629 0.146639252614191 1.01274670354005 0.13835089964502
1.24533724210785 0.130360449595933 0.991719943799945 0.142539499994788
0.912238946293349 0.135704129144768 1.28878915680182 0.15233704696041
1.05252024036522 0.143773363934697 1.44356827881383 0.149767454873103
0.945814046427977 0.15300579047168 0.990327066635911 0.141947397681426
1.2692149641489 0.130641240952735 1.08024146713134 0.140282899915773
1.07618272580005 0.140517900787076 1.06721092548588 0.148391642097725
0.777415758353072 0.138953689897856 0.983153257580362 0.136849600325331
0.681278358199361 0.141498420584631 1.00994976663606 0.131664915829633
1.17851534086167 0.146732230135768 0.850606310659741 0.147809265047015
1.17058428763314 0.147680551096093 0.842603318282183 0.135721361728211
0.679706908850522 0.154022526442557 0.922469282158511 0.138519790889343
1.09211380452761 0.148814761204476 0.977540580316978 0.136523584422894
0.876668455004776 0.15747195776803 1.08190374519653 0.13134878023987
1.08381798517404 0.152702094881678 1.11010202363341 0.141402362033238
1.16049198234498 0.149107095359607 1.08183971298908 0.139493870227418
1.01775560046124 0.150409088222945 0.986435589953372 0.128326978969758
0.989316637657194 0.131459611610521 1.2185084670531 0.134122643438719
0.861892533893469 0.144433707188376 1.03608141905142 0.141045894967053
0.803690130629139 0.14100661024778 1.05001761633292 0.140046180987193
1.06375131207919 0.14384900121329 0.938448199642555 0.153085073571785
0.699466289964581 0.137060749409044 1.04773189802236 0.138056754665017
0.760634019771973 0.139055874498595 0.965021416028332 0.147966909273067
1.19516239395666 0.142651897267825 1.07671628880698 0.140124010325469
1.13991449640732 0.146283208469476 0.963588249192968 0.139684678396732
1.26203252828815 0.138193743919548 1.01080848701491 0.147138320538677
1.09717319423408 0.142358681378838 1.14579024146235 0.135463067244838
0.949406418582447 0.146442479215858 1.04408369852142 0.152450116291351
0.470205055018631 0.144827705896089 1.06251399040402 0.13345844050826
1.2708333033209 0.149339277070476 1.28419364053731 0.137761792624495
1.01826919569125 0.13583000797857 1.19599324878528 0.128345250148968
1.07715420548784 0.138614189819087 0.852484525001784 0.134337569993547
0.774840760092392 0.132574159549575 1.07216129075111 0.136291453211771
1.28055469358913 0.143421298619116 1.19712470320582 0.146280953790755
0.789646712931619 0.145601848962911 1.10170591612329 0.132906506281006
1.21341636725136 0.136378898705822 1.21272507025498 0.148396255026663
1.18200481024364 0.139657164502309 0.985314603380619 0.144868759701847
0.816399818011043 0.135837068790191 1.05989863785424 0.147438439583361
1.26053234811621 0.148687853042281 0.909315404425169 0.149988317353307
1.07112883204392 0.14436815218832 0.999117049220952 0.13937220162844
0.982622005915227 0.145042674848645 1.23633466435218 0.143570299794361
0.649324449321266 0.141881205038416 0.796251436878252 0.146824353177335
1.06801702056346 0.1454689067047 0.841225884119366 0.136592093391394
0.741917171043618 0.140645257287758 1.17935989737394 0.134643970933844
1.00972991621416 0.154934882313735 0.797307584525051 0.132569192690795
0.965378719490494 0.145170593533726 0.73172335360313 0.152044839652419
1.01692958509923 0.144144423106402 1.11690698101348 0.137796784144004
0.942605394361192 0.138627134426175 1.22614990288794 0.141482289725165
0.774847093339913 0.153354647688027 1.03608489365631 0.14933434511756
1.38825005210594 0.141223294364867 1.04133095570265 0.145337086863836
0.912270129926447 0.129646926620418 0.88309830908783 0.139438303321315
0.903854810780226 0.136132701733905 1.07526129206662 0.14691213852335
1.1568656139991 0.131090404401215 1.44500637781644 0.140860969584494
0.884498212057353 0.126273235869755 1.2485644914447 0.150008291798902
1.4793319161172 0.143194686790403 0.752274511111625 0.141673573235857
1.03459607840264 0.140738311974995 0.868840685053825 0.138625227295455
1.13443958236897 0.138694655971736 0.774810301118529 0.133368960265992
1.45096140750669 0.132170553847968 1.18973892721413 0.149588027667919
1.03141057152871 0.141458892846028 0.827696795351915 0.140163237383621
1.10919174565469 0.148479556402809 0.95291839872492 0.135973591436868
1.30370202644596 0.140261911998937 0.942889795547521 0.146980465113389
0.85450554536647 0.141882218505904 1.12572253872643 0.142491097995352
0.831934987825738 0.12925096453482 1.15755825295448 0.131764664358714
1.11538181100033 0.139960948242759 1.19419669891597 0.152055192383672
1.09180751534265 0.137170536976092 0.824132757830787 0.122558843537508
1.30553765492608 0.152987727110138 0.862183098864695 0.142236706032633
0.784225885884838 0.147305948988757 1.17146264288211 0.14557959117921
1.36989276114838 0.147822734118813 0.888829527051627 0.146651723561378
0.815166279142961 0.149537130091777 0.953299250418476 0.148348026707695
1.21776613290709 0.139272402165489 0.892788244846392 0.135938112122276
1.01892559896143 0.131960310320058 0.925988564648456 0.144244309229618
1.18138147674064 0.124015372163996 0.898005480316084 0.150750025999158
0.955126846826511 0.1396524510182 1.20469569192035 0.149627553470099
1.06309833434396 0.146950956700367 0.964034119238396 0.125079300877468
1.15426066787045 0.149984494744099 1.07974516416792 0.143922255658262
0.948124039032307 0.133215222037436 1.00410646927085 0.132398330194426
1.57364299112041 0.137128037071809 1.21315146841152 0.140525350173628
1.1841123949173 0.146394554799131 0.873695585551829 0.147924445448822
1.28457315131634 0.133853871512005 0.895563580783522 0.133598629609004
0.999901611190791 0.156061956265277 0.941495639805879 0.130618749466129
1.5801319059569 0.131898696838175 0.807381988439378 0.149189733512544
0.924645250474826 0.147910408125904 1.10125656095795 0.15294552924302
1.10823495637428 0.142618454128425 1.12888124093226 0.138640546104337
0.942139567351747 0.133939278425458 0.937239207050888 0.147129129657319
1.1658965617725 0.14025063271122 0.992386090063007 0.139195337327787
1.09604005959448 0.140675914947017 1.45139570762706 0.148305919930249
1.14054333775418 0.156165667948704 0.890379336933629 0.149560564887709
0.601572643391762 0.135731058994638 0.876139582746365 0.1423268362659
0.740803131980864 0.131162178442819 0.788477201139457 0.140502574848732
1.36706527342209 0.136951012005516 1.09652633142976 0.151467385414224
1.42527143283803 0.140881545175819 1.03300820499372 0.139052458345556
1.24764821768093 0.135365646361381 0.740192092052201 0.135680821442182
0.811791723279733 0.137442954472266 1.28437318319775 0.135052325432589
1.01067954927915 0.146007555344195 0.838401611091062 0.143706238745003
1.06822926840988 0.150822938911093 0.800889853811972 0.14274790431588
0.919249096673377 0.140010200453109 0.859055160870268 0.139272304583295
0.73129940243707 0.132947115455861 1.23912499985046 0.135332571103109
0.897859126171815 0.148233515598154 1.27912046291811 0.139715325429436
1.3508436907217 0.143554687209604 0.897611843438816 0.147965868461497
0.912977773875221 0.122942456938063 0.821716990878006 0.140157120901971
0.649006622243652 0.140170318757874 0.864209566169739 0.133806186968055
0.819206306259581 0.139424340232178 1.18417664920866 0.134241495845272
1.04201146315732 0.159143122769156 0.95207100928558 0.145205152939754
0.823880776996272 0.141689143366476 0.823539513534191 0.142842565025444
1.2119091391343 0.144224223757958 1.01580075160473 0.148735265397739
0.930755418775647 0.140535652364857 1.15760436523075 0.143041005670911
0.767901427601649 0.150165447413141 0.844741458262626 0.14611381391244
0.956464961949051 0.145964990550571 0.996155426397922 0.135843580003137
1.07953358777936 0.138815891768554 0.838672120985332 0.146581165182244
0.957018380366072 0.143518915026484 1.07944746081599 0.131789227089484
1.0148738757771 0.147054941587605 0.909060549109941 0.148019368718803
1.20270669187735 0.146937517302473 1.06678515301694 0.143212686153632
0.810745832071221 0.147075917970789 0.749404152963625 0.153128997371645
1.0856407710192 0.137398423451028 0.825623876730503 0.146445977570033
1.00776289044692 0.137219580462475 0.834741401719957 0.142803734717379
0.84899968175761 0.134190609241605 0.9199694319483 0.150665845243347
1.09365772270038 0.142808819047181 1.27147626486369 0.139921551382017
0.709342214067247 0.150428128943489 1.02541055977872 0.134343159115293
0.73600715328515 0.143148196148966 0.993100419028266 0.147659355001637
1.46101904828656 0.150994707687486 1.02542936832426 0.142920570090218
1.01318433080942 0.14289922972036 1.31775751853526 0.142858570723692
0.92057477730039 0.14154936128976 1.01717126883528 0.149045511054619
1.08123416576466 0.142492353510318 1.28207090847711 0.138706663203583
1.32635373610624 0.149893426600482 0.918417765117071 0.138200667391257
1.01535242421097 0.140147797508669 0.916922772472618 0.144797054170389
0.855190520740582 0.145975559021695 1.38454539060083 0.145779624518942
0.926845779220408 0.135676113155356 1.27350986389599 0.137146465801684
0.894086479878952 0.145972474527903 1.09504889299384 0.153908214459685
0.8620737458221 0.152474079234248 1.02705461399023 0.160694203868727
1.16168253140968 0.149500498012283 0.717193699107969 0.131179325008649
1.41254389513463 0.147232704555415 1.06954105949141 0.146150488234218
0.813061389611166 0.149040645213297 0.978026088110536 0.139519693906567
0.962587451773486 0.131724488253272 1.11772756136462 0.137815894007926
1.01007254171502 0.136259324643511 0.808299608872614 0.138313885325829
1.24393881454884 0.143291525365562 1.01011426113457 0.129405209804421
0.720864296485954 0.135036310775802 0.816524255971735 0.142422599771279
0.951676972040258 0.154911351630782 1.03527653062939 0.140141999528967
1.20792970372977 0.149153369001998 1.1061618918577 0.137445254442112
1.38029162179559 0.136608468504346 1.24915020489774 0.147146250208863
0.591148874067189 0.128619304808356 1.124782517489 0.147060198195868
1.04662608316584 0.125947180493226 0.883224627796187 0.126973049112322
0.958043615969954 0.131818076704712 0.980488938687454 0.130099021819752
0.968603504686231 0.151131830862064 1.00328038487962 0.148378937492067
0.851383955154893 0.142146077138121 1.1467206016001 0.155602151210837
0.817400881127734 0.135827394130563 1.15246899036417 0.143490490520122
0.946055311724634 0.132700906652141 1.03028887397534 0.138460432975683
1.00345423125318 0.138116881647476 0.932351827760298 0.122095019272307
0.876531586359679 0.137308016152935 1.03525387476465 0.14093179928768
0.973442575570519 0.137302642274796 1.18929751697349 0.150324408008117
1.0336944222563 0.152950243891303 0.911943359029273 0.149622886192063
1.00603561390754 0.139062209902803 0.987529181857101 0.139064310394763
0.919045350203352 0.128995011478423 1.01099588273841 0.138613020104172
0.900941052848157 0.144599812372482 1.3074772327434 0.130077984729543
0.75933230248245 0.142842213004022 1.21700304706928 0.137650642534711
0.875844807796942 0.141410697211101 0.902644624899216 0.144255569076347
1.31550770173192 0.140053839574203 1.02424117687809 0.150496401268925
0.943023776236608 0.139507810877373 1.20940971992344 0.153235137295158
0.701840855457907 0.150945798269625 0.958095126375252 0.136447453892428
1.19117797948761 0.150786538069727 0.995428968921892 0.133793711659582
0.942720464510584 0.145917455641396 0.923568218000205 0.142911875451095
1.04740486070051 0.155269368248106 1.09730579798135 0.138535474287637
1.06520509542243 0.151173969848627 0.988652415516262 0.149409506957376
0.910165293197335 0.137693751414896 0.922496204107067 0.137945062266312
1.23910825692433 0.13054299617386 1.18367782255942 0.130654475486712
1.00500756482644 0.124543496410792 0.886355304476554 0.143166073230496
0.952410711732764 0.129857340011056 1.08014168904357 0.15427380769732
0.771796895393799 0.145213784387521 1.13034499163781 0.135123849233145
0.541389242078822 0.140610935717988 0.832172703253595 0.137153292276514
1.02914270122848 0.150956002672199 1.09382710287274 0.132788227822931
1.23464483088735 0.139234821450004 1.18691687754441 0.135800313400356
0.681832871557727 0.140845528127657 1.11072953335765 0.15033736293477
0.843465811740272 0.155275634622647 1.1371363616509 0.143355446670542
1.00617303100045 0.144293357995235 0.833017874404858 0.134302339547689
1.25278225253409 0.139114590196497 0.967230916655103 0.140655729403514
1.1413200233142 0.139146009455321 1.00082471233636 0.141502146340618
0.964182188426984 0.135811209898615 0.930857140677782 0.132371563086954
1.2592367802661 0.147296170479164 1.07129874578785 0.137863171227331
1.06548697613222 0.137512011666145 0.93290508915437 0.145458306267804
0.991815446950245 0.154193716992543 0.916687741255496 0.135971007974319
0.902520754574607 0.144632303957181 1.04045720135123 0.13954666384931
0.964268651392891 0.138438691106545 1.09974367522313 0.144596361376212
1.07639313560931 0.138789978870366 1.06897697956474 0.137897925534002
0.797889323656259 0.149376538392426 1.1544285208746 0.148915772937258
1.1058474223805 0.142334817363142 0.774670833776885 0.145749490193683
1.13928902287274 0.138922179982515 0.884799792526772 0.142937108917175
1.24343257543021 0.144810772402611 0.951152512971149 0.140334871903065
0.864935404544842 0.13326274624564 1.20378693345298 0.129034039380663
1.35131579682683 0.1532175616412 1.34763486103425 0.150290533356278
0.92708534036196 0.140116272258257 0.83439365748124 0.136414142344254
0.750800226346764 0.145364511793354 0.735641131611454 0.141612815284814
1.12982140287123 0.149619829717785 0.925530490179655 0.138647386063286
0.801433136168284 0.144131855677456 1.0022841128351 0.138357016946814
1.00178197801704 0.146323199879528 1.28826551481849 0.133549607555762
1.03897521618986 0.145144621076994 1.14961352540117 0.146620268332683
1.10253758967131 0.147375874442435 1.09013903995492 0.149475530269881
1.05111091282717 0.134136400001156 0.784856817480141 0.148118522283897
1.0639099814505 0.145420394785275 0.799904778016028 0.130516149711985
0.925525960409496 0.136933221717056 1.10129207002683 0.144184058205387
0.858529821016365 0.138111492020371 1.02428466531792 0.145818663267403
1.14881194932478 0.154762370391887 1.41513299735028 0.148363112342615
0.736109790104523 0.149013286167268 0.978355606109271 0.159102405474971
1.28925973965425 0.143929426079633 0.959488316178137 0.136562912966308
1.06739714695515 0.12578355581475 1.15630979401639 0.138644189255131
0.856526413931998 0.141688881054579 0.974642658935374 0.133308540202843
0.878981438753795 0.138060856085701 1.19060874679763 0.142833773179871
0.865158263224729 0.124413245638802 1.07009224018232 0.147920317116707
1.05006180816217 0.127778350576521 0.94876046798396 0.141078136359904
0.902402557155021 0.141945932222345 0.968233571626595 0.14110743029631
0.904909286288517 0.152157931821534 1.11079315766595 0.13961064716646
1.19913420934136 0.148248892042518 0.933596990823635 0.147734223062377
1.10867747473639 0.153767655476864 1.11566327461073 0.146843353194283
0.934784859867077 0.133998600866034 0.857386264439017 0.152938028149491
0.983829993790967 0.12655621110485 0.783529491339312 0.14361563189961
1.05962228671813 0.139577569266158 1.02889646169686 0.147751880421216
0.96371494796874 0.134251861169219 1.16303505409916 0.143254871179324
0.69867547118346 0.137300535927687 0.967518472189237 0.150318445316003
0.953230001130222 0.141677240121794 0.891185045402679 0.139050855068578
1.09707377445507 0.15117139027435 1.01954269421708 0.145077255700459
0.775313507744761 0.149282520268806 1.22929282806203 0.134127307689629
0.956524964438341 0.130017208135805 0.837526406605521 0.138805259771343
0.704011844020821 0.132892263787881 1.05389196441835 0.142343889297068
0.69444909276119 0.142707376883797 1.07779811965174 0.146281543606269
0.756573126940091 0.143991326025064 1.14087582077563 0.141677576953841
0.796077234191533 0.148251103279173 0.852302110207757 0.142019825803227
1.3068627576771 0.143243049780083 0.974316838795859 0.142802145866393
1.00991322236113 0.147875045323237 1.18960473344276 0.141851790276568
1.2493879248599 0.127175091110137 1.16362593208813 0.130769824808724
0.898681652799349 0.136866530093824 0.827254421431295 0.142643276515696
1.25482507091288 0.146363601235597 0.759888382839561 0.143183516177231
1.15148613790721 0.126830051363242 1.07785564949892 0.144300456457684
0.915719648868799 0.134711736332378 0.801320548067174 0.144172583967671
0.872841973721439 0.135292290969242 0.986368753101828 0.135174996335054
1.12544521871783 0.138361436737721 0.882090101704073 0.147370756131761
0.947691595476947 0.138664569132804 1.18958659976055 0.138265755597987
0.647344164706163 0.146239640487314 1.20093604378098 0.148195405723471
1.06050430139317 0.148223955127269 0.989069495375235 0.154449760807903
1.12093752641375 0.14649060611788 0.920152611321963 0.147583106710114
0.945428650421894 0.146762437659818 1.06479358618568 0.140471179724279
1.05190624433713 0.142719919985991 1.00956063365396 0.135140807489497
1.28168556889299 0.153477354950141 0.951294867148192 0.144923004952603
1.1718099331985 0.149338393324649 1.0518856171159 0.125460619748242
1.34310148658908 0.140239433843239 0.830401054375633 0.141573921814973
1.26935942737324 0.140435543227075 1.05587619612602 0.141194867410269
1.04987434013273 0.138960183843957 0.87898195977719 0.134262778221661
1.11613681890473 0.12840053288813 1.12209178707477 0.13999689799818
0.75758020141867 0.140853657672791 0.96198329699071 0.153230615803428
0.579287400990195 0.144888167197484 1.01097601045478 0.135392024788642
1.0114410806154 0.142361699277433 0.91439711816437 0.140672683087552
1.07300550730339 0.141564391438975 0.952211131899824 0.143637839322275
0.90810090560472 0.14596778745986 0.884415156838875 0.142141986718058
1.23784611166121 0.136405770245322 1.0322122807619 0.136473857564148
0.996739685310252 0.140441493023446 0.735494658814825 0.134591414443059
1.21355793730446 0.149626601126429 0.911213629117215 0.132245415825328
0.70453743325073 0.149135814271377 0.83377716239124 0.145251975617982
1.17184987944011 0.135177988593033 1.18963009895344 0.136423922274262
0.958584158308648 0.138683516954615 0.880204492800688 0.126964068739184
0.946629654275371 0.142727186559227 0.792810924378327 0.144646961267971
0.953389884565834 0.142325484228181 1.29146911886589 0.142369838733508
1.23412347447187 0.132933505453608 1.05208782320144 0.135750529072607
1.07624116294364 0.146216185362429 0.992017871627497 0.153176754238174
0.926106581881381 0.146253968059596 0.985193373967553 0.139460011110446
0.827907249625219 0.138484854972429 1.02120838538272 0.135906128609898
0.754666078241664 0.149662641640345 1.03586676329256 0.148011054340814
1.36477409809643 0.13482792745369 1.00599252404372 0.141476359575221
0.979067828591977 0.148134667765407 0.947349374687327 0.144321645767505
0.982816663707966 0.134352974756099 0.986691921795869 0.129041477712544
0.706991315061118 0.14029974446639 1.06082271772166 0.126815841209156
0.850500061140914 0.137590356897053 1.08634353415687 0.13871773210822
0.896118281422822 0.151216901306482 0.855331249096716 0.13792187768181
0.721288456508587 0.146656091998792 1.13608578108852 0.144357538288972
0.907324065228091 0.130683250588138 0.907523976012916 0.148003634557616
1.09949237360373 0.131592305896804 1.12768095226223 0.137891332252861
0.858054018417179 0.13570238206875 1.11554883797738 0.141177555295959
0.941000972461371 0.146358769674679 1.09056716584276 0.1569313435742
1.28788125923023 0.139673347899083 1.00499322538905 0.147379248883458
1.08996248174455 0.145335114499212 0.886506396593729 0.137309031907317
1.215255773141 0.130997901497614 1.08309608390924 0.149244954884074
0.881570187162782 0.145806778263286 1.18919860123952 0.141021508636529
1.01596277353837 0.145295732937562 0.994012943908583 0.143056395908868
1.11875403460029 0.1484527272041 1.13750066847891 0.145870100299141
1.09780668061384 0.140665238977852 0.835690242901602 0.141045084444106
1.19064066053309 0.143907211808495 1.24734955175393 0.142629012766045
1.15758190435654 0.135493806390921 1.23574320420768 0.150341760301249
0.789617589541033 0.135339046929574 1.12517752800735 0.131891762285197
0.983936581694913 0.144345454840915 0.994971897600933 0.153572976439141
0.926700334548688 0.147321401752973 1.17648769122431 0.126073269511329
1.13414476539854 0.136475480218282 1.03438798312119 0.131742949445473
0.897633357483733 0.154596123286227 0.976616997638591 0.141407058810073
0.871723223879289 0.134304919624495 0.966993013437881 0.155060118432307
1.22384144908476 0.149010362775004 0.978753611769275 0.141852172161493
1.13304220143502 0.141366226278775 1.09363023980006 0.136177479732862
1.08507403044614 0.14783193907611 1.11402688349296 0.131531706331765
1.19308013358412 0.139426159466033 0.952604087128789 0.144539705231526
0.990746152997216 0.129272305283263 1.1048351659342 0.130161180582255
1.05845115183163 0.130827407343629 1.06970550195468 0.141352798415271
1.24512329735375 0.139156443380568 0.979177232803339 0.139163190134895
0.871419359169545 0.123708316020545 1.14777955929205 0.144067752023703
1.29985507437 0.145560004331669 1.13096872636015 0.134991461480195
0.730460704912709 0.163884994154164 0.998214402490147 0.143912789931104
1.2696721325234 0.130323861339818 0.829181001683093 0.142024218943833
1.43719929989363 0.14513546577476 0.980389399570588 0.148707191470631
1.3665864628882 0.140285823910827 0.853817023283166 0.132817215362474
1.12469422688271 0.156888139449881 1.04908635261151 0.13722294897609
0.610909315665398 0.146223490802222 1.03532894495393 0.146310579021185
0.772864945284495 0.14955163864929 1.3893614576677 0.133581027988187
1.00568182485885 0.148100479800222 1.12451317800214 0.133468588271224
1.15895113871409 0.139356607884822 0.959744189671389 0.141940543373893
0.984397503670514 0.153348508459921 0.765344323439757 0.135453887768019
1.12843197809182 0.143856539456575 0.978439603253669 0.141356058757706
0.83607805879948 0.143764326976353 0.764629912075518 0.149752773436146
0.951046863164769 0.153470384920945 0.996358195756131 0.144031788289076
1.21136435158077 0.137908823902335 1.10088179134971 0.147942777013669
1.0990653962722 0.148575269535573 1.0665973051506 0.132802511030582
0.88324930654992 0.144741569964632 1.11576941768877 0.143185974230573
0.904069536988919 0.135664351665024 1.31492729745317 0.135661553859196
1.12451746237292 0.130767392663029 1.07930062344238 0.137182743077534
1.13849007387203 0.140581392055778 0.810838999571507 0.148876316464843
0.917974511197187 0.147046539433541 0.929335397921109 0.150322310734751
0.843577635597203 0.139873796730139 1.02573046701437 0.139199880255602
0.997733822743986 0.137829981248051 0.879581750171685 0.159758062702976
0.581990211785313 0.144514041259742 0.872544643853997 0.138712030060837
1.09257170982479 0.152471063084967 0.77757449774008 0.137448984618215
1.02249466102639 0.140620069142918 0.817502031276597 0.140900753699462
0.992198707232075 0.147515464237985 1.17238287354104 0.136883596620914
1.05700221960671 0.143275863662576 1.05669826267635 0.139587274334618
1.21244471198505 0.149881749885602 0.952156482132741 0.136067878692108
1.20737141137245 0.147685193513405 1.00807980028231 0.14204930667412
0.946593842918076 0.13961754404735 0.970472619619182 0.150132375216051
1.31256409120781 0.138800417664769 1.17039674592804 0.146547131920063
1.05570464267239 0.127693405706178 1.02819832082228 0.137152277236378
0.976190800958758 0.139809154946423 0.970387719416838 0.13868736443286
1.22778154614906 0.141311467182949 0.935810855256062 0.13825871023432
1.04934715264132 0.140537082248726 0.984466021884581 0.138750010222896
1.11954231732379 0.152471234478141 0.965288138386474 0.139793378557312
0.881101561603818 0.140980242587801 0.913323375302232 0.145083746482918
1.00032430740003 0.144805434615428 0.838171226073484 0.140410681846407
0.900798374071135 0.136454289304559 0.822253612672494 0.151880158542517
1.1013273608373 0.13026027802089 1.23663896637971 0.150776053051705
1.06217133757672 0.141432303072126 1.11112156886889 0.137967638766332
0.805762987502469 0.142164292528863 1.13627167125536 0.142368287593956
1.12729344273539 0.136959461113965 0.872583823753476 0.134758791611695
0.991445444170544 0.149119545410336 0.841047795447928 0.137480968337517
1.07936338949343 0.139621744147632 1.19865592682284 0.149158442647653
1.12296813248702 0.149837676799673 0.715498556305229 0.136211748917231
1.00885182958874 0.130445337755336 1.12217458269968 0.129934405941646
1.0550328749238 0.146593585809589 1.03378096261377 0.141492306008744
0.897765818933466 0.138678429963046 1.24222035685758 0.137091289247978
0.801117438108887 0.146074018423133 0.960074172745785 0.148888232080978
0.952816101607462 0.138805763763062 1.06068997840439 0.144307281224129
0.776607203848466 0.143198232291708 1.06890974023058 0.140917130793667
1.01561292674084 0.142487397752801 0.953596452304667 0.136341860164447
1.04898355018827 0.137551360664732 0.836802317373377 0.133849719981809
0.80519685427473 0.1477892109345 0.706386695681222 0.145628435476048
0.914387354419206 0.13919706195754 1.05732700717332 0.153709443729598
0.996958541698209 0.151292158455998 0.905317864970224 0.136511557671322
1.06926435905182 0.15321191988201 0.886923024228315 0.137297476509849
0.947982230169746 0.146980043520543 0.915014490611686 0.14195431793607
0.547022863460979 0.1368794828886 1.15015572757139 0.14104682585039
1.10362965605666 0.14856762495257 1.10334365039141 0.153974848749553
1.32041556458643 0.146750497205207 0.869015838323558 0.140002236448015
0.989781013654647 0.135417825277812 0.970236520355151 0.13789271978606
1.12571061340082 0.153159350887593 1.23222975723996 0.147292395260289
1.13196513545947 0.14053544297813 1.31539252478899 0.143993905486666
1.02401788882121 0.147747188028634 1.0899935182368 0.141604002542416
0.963875510184768 0.135051729264928 0.950432935245023 0.140930252004035
1.23741311857416 0.144264529915581 1.11676571115157 0.146036076493414
1.13948583437485 0.150081192443562 0.920895773096881 0.144858896092628
0.871452010688826 0.141151220399228 0.875400988571541 0.149614841810976
0.961630829207103 0.135438614508651 1.03505550950181 0.137953288682279
1.14392679430144 0.142056170778496 0.921522904235479 0.142751752768326
1.00696712629394 0.157598124143916 0.879423501967093 0.135175239742914
0.889698354032982 0.143872065655715 1.13412458379983 0.143506929748349
0.814719554074722 0.141842404188899 1.04194441435946 0.134792386519176
1.35384820544763 0.13668750161604 1.21007360684873 0.133862809317682
1.29088988389465 0.136475903780165 0.815049412793915 0.137627373794
1.2968707537694 0.138878057095064 0.909019027227266 0.14327339997865
1.31854127030492 0.139801961411287 1.08372391676025 0.138073494354172
0.946128042266416 0.132479033487607 0.758578514037672 0.140203758331404
0.918830949643882 0.156083114169103 0.892116123575713 0.136980110557165
0.870370505032953 0.137707975428346 1.11718437435275 0.130304470964815
1.1283809974328 0.147346903930577 0.942651171944673 0.141420783915068
1.27487940900321 0.152269805289293 0.966760642836199 0.141458860614705
1.1621104911252 0.146376990666933 0.862631502703228 0.137854769333616
1.05151178393733 0.146678206542002 0.836299192361785 0.144008158718383
0.978144902109124 0.139149374362219 0.875887220525345 0.145206509640387
0.710740292535433 0.138905475147248 0.926744417027497 0.14309195993332
1.10980299600966 0.144126575709599 1.0922659913192 0.135843047013026
1.31647267487334 0.139966828948731 0.881866661495105 0.14518654927476
1.02212765619393 0.147637621827402 0.937363653561723 0.124882663399326
1.13899776859731 0.14210686654745 1.015685820252 0.127831403859885
0.720089660158914 0.138144784821307 0.807994033806962 0.131625216537444
1.16657798937196 0.146559806489182 1.32799942787629 0.13047234929929
0.82556890862824 0.140194474026999 1.15620594472834 0.147962614925423
0.987113762923291 0.146198295081054 1.26826576685698 0.144110427648137
1.19917866584621 0.136991326100617 0.984926024413737 0.142973433998016
1.20322353173503 0.137715451614518 0.961351070992705 0.135376070400736
1.04187554086766 0.134161136841311 0.999098532445222 0.141939683822803
0.848851358831237 0.135200847504729 0.996124527407329 0.150918681302121
1.06771140374582 0.140767712136494 1.07582717459522 0.142364653035272
1.15740130566385 0.142648992428465 0.886175844730361 0.145306871459352
1.02123903616751 0.134183940727241 0.882663233837112 0.147724611201458
0.682939783209437 0.136817119911346 0.830548673496153 0.125837043620078
1.00092690436907 0.143999717733849 1.16602567981012 0.13651571047904
0.813505643675827 0.132584705885477 0.880392839813208 0.137186819219155
1.42341977702691 0.153802193602051 1.11419947384791 0.133042099546281
1.11378366399164 0.150594271367681 1.02832205828169 0.136300943786441
1.08214195001673 0.152563916356078 0.960167793592007 0.142119015780393
0.787412716412814 0.14110458520243 1.18753883244516 0.136740064086252
0.966784353885335 0.137186084134871 1.09312261862722 0.135297540403238
0.840427483680332 0.139270779616554 0.947794937049058 0.142611692998058
0.821444399093236 0.122911098787812 0.74665590838114 0.145643166728572
1.23520037749837 0.159878839958597 1.11575868815687 0.141833303091798
0.913669941727068 0.145780479466391 0.817253261563036 0.13717008313404
1.09055928392436 0.147750081543248 1.0859207393546 0.130583039595825
0.913360501079574 0.139455680351957 1.05404235198701 0.144190859649334
1.15404345832727 0.145447473122974 0.875574420209959 0.140587610680465
0.68084960650047 0.133705863116302 1.04471524052057 0.137239844567288
0.892378473489808 0.152817075265159 1.17911927693819 0.147188960512844
0.698785615373746 0.141067548662964 1.08988653442381 0.151211346112822
1.06023863130899 0.157187360222102 1.19402534923912 0.136872961794488
0.671121436844778 0.143047110646601 1.14025880276268 0.14617885523117
0.97157301178715 0.147705653489857 0.997430685371085 0.13444217241495
0.853190902611681 0.140858822945271 0.942842194239676 0.161410436628179
0.794486405913176 0.145838268075087 1.27227439511004 0.133903570215915
0.955241963616814 0.13189801991815 0.797728532531504 0.131838019450553
1.10198356996487 0.145156523721179 0.950775047138054 0.142459109927243
0.85947086934824 0.136089120456146 0.794287335403252 0.125810375247013
0.85890460990443 0.160941109579421 1.20823113553352 0.149186973322118
1.18913311672967 0.14129567044935 1.07333213442584 0.145604660395383
0.901383898918872 0.145640957113363 0.981409987554292 0.129490583777779
0.954360637729685 0.136662980516375 0.958475770277237 0.141788126091916
0.858016653768292 0.147944319780531 0.841456396609033 0.140707927033851
0.890011478473628 0.138458874473258 1.0067752352693 0.136496527098363
0.862341750069577 0.139401078515214 0.715798043036757 0.137692371136513
0.998723261268265 0.142144573270046 1.17063585449338 0.14706571703518
1.00410640337367 0.143703335263319 0.865407403458409 0.143170876989084
1.01665582370037 0.142172760638823 1.29800517179318 0.133071178771733
1.02918255807638 0.131424023499694 0.907607889205078 0.141693845492555
0.638771325074095 0.142671221358666 0.865652621866489 0.144431459065833
0.744219325041365 0.140439633641166 0.913584213610996 0.142392960508452
0.837108218859388 0.148416441945312 0.928012702227758 0.147820286915367
0.78086262148466 0.139840250620742 1.00312080135828 0.130034048106083
1.02796987434999 0.138490534443563 0.802881204494554 0.1482196632559
0.815852731540183 0.148339729313761 1.16820464986861 0.143306646013158
1.08629860607164 0.144947314489317 0.910018107780905 0.153519349598188
1.18631316267878 0.14153622889955 1.00667910321226 0.13652729719362
0.813263085710055 0.141561781928742 1.22126367131625 0.150890780735375
0.662380047619587 0.137225071712627 0.881493847923665 0.141772874983742
0.889218359833761 0.145358908894466 1.02980345279764 0.1322582843829
0.964883809547766 0.135554625415456 0.973284826125835 0.125823966607969
0.972175186817374 0.136637116306129 0.627334254506223 0.134445198617564
1.13891368415466 0.133293685340571 0.966413025814235 0.143988041702128
1.27481151755704 0.142434905016649 1.05158515821091 0.132459985853014
1.20030674983684 0.141009234279471 1.09936420062797 0.149414457752998
0.847733408795554 0.129202156659901 0.848972057345017 0.136145048141929
0.821838029344223 0.146491731265012 1.09536489696938 0.135143861243789
0.723388423330407 0.13937062238478 1.23861790137242 0.139197246017864
1.12710716971906 0.131101047971451 1.05829076050351 0.136744768990238
1.03400387255863 0.138027162106052 0.914849271639042 0.145601503295453
1.26797605653721 0.143013678511973 0.770406612633473 0.138822780718948
1.39022303480847 0.133581839803472 0.891137683376396 0.135611728430726
1.06744789278712 0.15411306443954 1.14572136441296 0.131651181249908
0.731789498797559 0.140680938878348 1.00345231149232 0.142124743305679
0.944056720161158 0.148739595077364 0.917365514801209 0.153940425041764
1.03697958531659 0.137602553496763 1.05618776259267 0.1350477966282
1.27580203288748 0.157241646617272 0.946660704170794 0.149217656018086
1.21585984589972 0.156695860924851 1.05138160944552 0.137413335902721
0.920990185884333 0.135752401651633 1.08399278987825 0.128855376822248
0.840703869548437 0.149155269765263 0.959266356582829 0.147332439302384
0.953836295832093 0.141940213261338 0.769660882952527 0.149862794876618
0.893301330582583 0.136733072844752 1.02371485703633 0.128568291100999
0.935606448430128 0.154114859181276 1.0461766337597 0.137953918796204
1.11000553700508 0.142590854915866 0.877039346374298 0.129637238840075
1.14140465411712 0.145038781642305 0.823874338003699 0.141173155197657
0.973591453513943 0.129382800621988 1.03169923534632 0.145060295468111
1.06718080425723 0.131018774180358 0.904071152094176 0.132160851744601
1.077268072949 0.131376577389306 0.962456368385329 0.133060320857566
0.890678746062905 0.131202173919487 1.24915662690527 0.149649798700849
0.985068383176077 0.138905234292774 0.960434438555582 0.135159324856989
0.911144513306093 0.133179022956613 0.907260095666138 0.127574761767802
1.42148132383586 0.141869739886151 0.945059274027874 0.130868582057411
0.79052806969399 0.143340461045672 0.971680643515695 0.141941745890894
0.807828964700287 0.144903165351977 0.969030593592556 0.138101996886066
0.833593519727449 0.137798618515736 1.0419939434239 0.136398305685181
0.88462282879974 0.142820572381304 1.05314546978008 0.133360717295609
1.39884778575954 0.145664889338952 0.853972713060515 0.149348470699263
1.14397692043895 0.151704222411844 1.16527374562601 0.129552605814663
1.02977136835967 0.136811212620971 0.959985279901111 0.136577300578407
1.03251624417608 0.140902640557153 0.764805438526921 0.143231838273823
1.12207778511424 0.129356267129574 1.08960065788277 0.13550239474667
1.05240283839979 0.135388362972189 0.79745509008489 0.133975445426393
1.18495380834645 0.143754961329687 1.03395034557903 0.13232543229625
1.18403045391941 0.127988056105953 0.799019269535839 0.137292687877987
1.36460048473457 0.124554309407534 1.18049953644275 0.14032979427481
0.935221529077566 0.147028834546325 1.26216853653408 0.133570075692452
1.05289183727774 0.140027724735424 0.929558164929209 0.158834574793198
1.13519532345565 0.142620974018331 1.05140464059887 0.131575755891415
1.17806176444006 0.132374986670912 0.973580297740259 0.140169321856542
0.779275040799584 0.140104053403052 1.03447557876213 0.138742881205433
1.07010557144895 0.137858298332393 0.969484741191331 0.15050217903445
1.12191876517711 0.135594630131219 1.1199112658327 0.14400231404988
0.927666427882525 0.14342975221185 0.90461252412482 0.123795540703782
0.991757251371633 0.145758311392755 1.05324143326042 0.139971462650411
0.661323786999995 0.142145491436369 1.08572875183503 0.149764733812712
0.930689447477484 0.141652272951545 1.01879068207393 0.147212959043103
0.833202348666084 0.143186961266427 0.878372922182989 0.14878274127533
0.911198447231304 0.149272565241206 0.886171971368704 0.135021613927865
0.898937795424908 0.150958975561971 1.03043744030197 0.1297475656091
0.977160636935238 0.131113674793417 1.21442846572953 0.13368289959453
0.611246976688136 0.132012076921332 0.956596340615653 0.143103408393028
1.00383791619001 0.142872690787534 0.977531522757587 0.136373010136537
0.954703776947729 0.149025782901448 0.99641813053456 0.1336570564402
0.910578511528418 0.143089787598203 1.01718583652825 0.139198056824028
0.999253982403953 0.145079829678905 1.02371792375145 0.138798538148404
1.06437378881646 0.146298117802105 0.925653748183914 0.138884575363912
0.883732626989954 0.139785861064143 1.01694992518092 0.136146924863486
0.96481174278051 0.151302984262679 1.12520842869339 0.148080042864121
1.09323240922529 0.155467276424459 1.01962745121774 0.141121126772003
0.829133748758936 0.136341860600009 0.920166328810516 0.118831206172662
1.11431543222079 0.142139655552708 0.922509730303568 0.144670298973297
1.14278447321278 0.153639196697872 1.11315282599867 0.143646670388718
1.17250169580564 0.14664078689267 0.930773736540631 0.142470853751986
0.611329957427181 0.138544526600937 0.924408138497259 0.142314741971091
1.16488397129848 0.142909885134335 1.04702395938406 0.155608029153083
0.74949945263555 0.133536777551963 0.842203770839061 0.131630168717963
1.0127729592118 0.142369258943106 0.907876681214967 0.140842175990369
0.979315137628251 0.148624797191584 0.986212757722288 0.140311859539839
0.972958559699959 0.141484842207056 1.07322282478926 0.142756730366223
1.1533336689248 0.136138375078373 1.07344569336644 0.131093286472792
1.07962194308936 0.135277390818542 0.960902846253214 0.13472331292906
1.16406385439457 0.140075230270988 0.929086253881805 0.136517782043617
1.0393605714402 0.138677755968804 0.974228004960227 0.138593077433071
0.72891724630566 0.146553924014531 1.1590170058536 0.136508020617335
0.742121797315278 0.143175635661422 1.11172097717228 0.14799291101614
1.27841652869101 0.138495087605735 0.859267221567891 0.135054111327014
0.821210220669375 0.147589755858526 0.872920951255376 0.137426994184533
