beta_o sd_o beta_r sd_r
1.27178986243844 0.119125456578194 0.85947286619565 0.73670530299301
1.718994244476 0.133111296441111 0.768190045510582 0.647329534437189
0.405715531521025 0.148279172673683 0.702895547916451 0.81689247711303
1.64611798265541 0.14781367210625 1.20048162701932 0.65965661471644
0.704437944039557 0.162271758349124 0.548155377676573 0.793474363083976
1.36007352276418 0.141725052751894 1.73153922354865 0.716771427925795
1.58539759066272 0.161680702830711 1.15722208625441 0.687733192484867
0.857158231706211 0.162030660964194 0.656196453367281 0.706941553776204
1.33431449492837 0.154054522776461 0.65286563339551 0.783402589060267
0.853202949019422 0.120084629416479 0.476071456528609 0.679307402768481
1.20209582945126 0.133697609027671 1.23983303445185 0.754636413547055
1.64350113837283 0.146685414881846 0.72842389405622 0.616162409594792
1.29509298885617 0.171227615606316 1.04289738655818 0.659611363848823
1.59614766046571 0.162076429764311 0.502178555026088 0.770232883651047
1.1901801253312 0.140921492170424 0.699957827001831 0.756509226714413
0.998272965956269 0.136671817475744 0.870974563355457 0.569243308982574
1.07865281727084 0.164115457333695 0.324326334879374 0.802192069394672
1.09199703859322 0.145339494513845 1.18237465806837 0.644874062718307
1.1077857578255 0.145652292963857 0.929851502936478 0.853729315758119
1.00206928179173 0.148334739251183 1.29162429922735 0.722386337658241
0.533010909488727 0.176221186027606 1.11018976574204 0.631030680107733
1.00242322051359 0.133262541699058 1.02217577205056 0.637383239955936
0.770361585779978 0.162591705471833 0.755955628214067 0.677350403198349
0.941273050148154 0.147540148573943 1.44321059592164 0.762440758942894
0.925809575682908 0.126237811683066 1.17707302606647 0.641463099079634
1.35139695574471 0.159294089947709 0.856613355869629 0.485876418348155
0.431074522219799 0.131768317824181 0.713259564861443 0.646713104598818
1.17923782599522 0.132998267248488 0.420807045760842 0.698959292146743
1.41879048789441 0.126171560787989 1.15256443900906 0.626618548804958
0.81128881817822 0.125769024783757 0.993367521590568 0.712761859823992
0.624531791925605 0.165033982527733 0.816037044365935 0.843932648803845
1.34589754276999 0.154461214327604 0.696190313286041 0.800248686700333
0.775754484414133 0.136945664856279 0.717495568066081 0.717855462045119
1.28191362850743 0.119238836222899 0.919675288776487 0.699471070035043
0.897623762471131 0.138962597824565 1.08538818895492 0.808114763891129
1.14741511437869 0.120262749210032 1.62967845983897 0.623823921742783
1.09067695841445 0.138361703081275 1.22949499290694 0.689282649927805
1.24477875351115 0.133264924568183 0.477653050367353 0.694818289264748
1.0331522558596 0.143801698642512 1.32219767335346 0.734644130265051
0.751279338867347 0.138589412251418 0.986121622334423 0.600570210717449
0.708029567281753 0.148783020434889 1.19062859060831 0.619536609552682
1.86874846418493 0.187003895724481 0.581682397800346 0.689345987724494
0.672253017479056 0.118643231014323 0.320104804858909 0.658869952982068
0.813994058677876 0.144191050012434 0.929346337863192 0.612185382110422
0.80737877456135 0.122274033150847 0.643361639345949 0.68021853601258
1.31744766174122 0.164129293309259 0.777984654960338 0.695397465113347
0.879546271673844 0.137614338403298 1.27863146129296 0.54714851545853
0.845392935982752 0.139547209680735 1.41812601408537 0.619207473062305
1.71678913673661 0.122780068949447 0.79892875768405 0.580291485074831
1.40277845392214 0.141276366342258 1.44646057044726 0.836782842781165
1.44369031164665 0.161071479116785 0.796774148295313 0.692753604237731
0.712259516091131 0.155607477652615 0.898391058401095 0.736319870083708
1.2719530786676 0.147731572268385 0.805659815779552 0.646626338354994
1.12881339761542 0.101603640229384 1.3126531436305 0.805644649458869
0.797375611794295 0.141114995500252 0.587468363926693 0.672586416231828
1.20048701606979 0.149453629734557 0.843439754173217 0.599684313660446
0.922218963024918 0.129235540525945 1.05909049619814 0.616742111119536
0.871571349026756 0.154205535163121 0.748840778191194 0.616869577745285
0.311396889539539 0.164075573051803 1.18611785716746 0.675732462138062
1.05033648561885 0.142418458974554 0.679388772206271 0.770633408321451
0.952395481765015 0.135313678716385 0.796285464767056 0.63774383007024
1.48247901922178 0.154274017171134 0.48800421083929 0.637819993167311
1.77287177723446 0.155530892971964 1.10504729515819 0.64973574068811
0.835574888617808 0.119627103158666 1.36092023407592 0.735566748447074
0.871077365926717 0.146432563700624 1.24728282197332 0.690141885016117
0.990373736216207 0.111853849879101 0.615743119963261 0.687454014309953
1.12574057201814 0.129453807651985 0.564245932534026 0.789700607057636
0.887023558221553 0.13729080518519 1.6640152504012 0.562844083357551
1.37394309043127 0.128939825773875 0.998892886764726 0.667285067884811
0.757691541365946 0.107936864093078 0.715937723830536 0.726429746198435
0.858272965313205 0.154882989524784 0.876832173835772 0.704008319364481
1.52541861670388 0.127450931405921 0.508092508515682 0.653891251955279
1.54526924547661 0.133059108940476 0.677252827870338 0.631108200647945
1.43339535153573 0.147087981874653 0.964759556226736 0.722218203214125
1.05251989306898 0.141525133489404 0.833057023542461 0.625361601293004
0.372566781738185 0.163764136399004 1.39878325607482 0.693278158330158
0.424943735171573 0.150106754149399 0.49949734483956 0.680235853282083
1.80927779308439 0.154533844601662 1.10747919377137 0.771693470160968
0.921612858523849 0.136904134326866 0.88884700291129 0.513783160820611
1.08692389695423 0.135059995872606 1.13507797343548 0.693785338127463
0.64591471569164 0.165205434742675 0.933424693205503 0.677749885410294
1.27357779766104 0.155635659747577 0.126554862280642 0.673891261238161
0.496162620741808 0.151693760957649 1.21950638446823 0.842834575289411
0.943891300061272 0.144222460966225 0.445826424763256 0.655152880026341
1.18366927133591 0.14603934045353 0.500872690208773 0.7363019641348
0.921037449625829 0.146780099719563 1.14312049741624 0.679942679721308
1.11677460761809 0.129851790185605 0.809594561955839 0.628680953792647
1.46150708726742 0.154652779450347 1.01055168206685 0.846642391116425
0.462587300053246 0.143686192211967 1.21293498354818 0.73642340437994
0.763840892846667 0.134250416801216 1.49014291448406 0.77279789522803
1.44708953470369 0.148834177281065 0.228609541046235 0.883824210258878
1.40368936606399 0.138043210230406 1.20872526225733 0.701130658663309
0.844598331858559 0.13458164187224 0.380442716420292 0.790428223322753
0.58073884316637 0.151572018903124 1.59535518985039 0.852705062254316
0.860408611285344 0.126823933251644 0.919558185785484 0.724212682193231
0.728141390996453 0.147759280527047 1.15836514638187 0.588049828876824
1.31937949155767 0.17340032469748 0.990113496862254 0.571777377674393
0.6778766866472 0.134876635162779 1.03276941119957 0.68978372091677
1.6183247584757 0.149519777511425 1.1023315571345 0.50978571727898
1.93632655125903 0.18494634745162 1.19099999643885 0.684700254951679
0.772829525322035 0.140197403267384 0.885280356677975 0.682775621021116
1.10195745617179 0.137900215518263 0.748989717823539 0.775042249723263
0.900444303765946 0.147309089228524 1.37739425725984 0.765277239311079
1.20687103713362 0.12840627261773 0.604494946700797 0.653737227238085
1.29271048708082 0.161063485353258 1.37687512146769 0.671529127940844
1.16087109331484 0.136837002401825 0.627371423802899 0.685408331214739
0.857182558271823 0.116420042694926 1.34627823868437 0.766672736265395
0.950385528169866 0.134151869140113 0.998449051055591 0.753984868082632
0.971244583554251 0.146020287921609 0.823712262471579 0.827116402185025
0.869754568856047 0.1559839698333 0.931817893904493 0.581575534205868
1.69492575861683 0.143563910304847 0.363926842793135 0.715386874924636
0.919344423004238 0.154749099545834 0.993376455675223 0.678493698597723
0.549947806252048 0.163701562408923 0.423658312587262 0.779703815279689
0.666107397177087 0.114317495966202 1.00860272874066 0.705813813001083
0.904303978717264 0.105331102225765 1.0676881406078 0.674028797965892
0.758238167642381 0.128637494966484 1.4316922534142 0.693475905417673
1.41720265268597 0.145294036268058 0.810510910442451 0.628019134997986
0.738759020508288 0.119093978865319 1.09695614491603 0.691041722013856
0.509023746705147 0.143533147045747 0.979733344546293 0.737780688254043
1.37986471388707 0.162188510816791 1.63877738575132 0.674519476372992
1.5696961502812 0.15890751521162 1.54804532829169 0.550681734101508
1.5743657392199 0.138678364349756 1.51992565826653 0.665110033607205
0.660687014109228 0.147727111543018 0.485231504395138 0.757526510714998
1.21640890465056 0.0951752462175842 0.942983193884067 0.600848514931729
0.771200642747803 0.107718608510899 1.21130171860843 0.625368839720417
1.04544582755259 0.149425787699481 1.2379209939263 0.732829532899903
1.68305917466909 0.149815757164974 0.925213352052065 0.649067060690815
0.78343249542154 0.127194007601254 1.04853295483912 0.606609619543477
1.06004821769936 0.137233739010507 1.36477030324798 0.860028347743264
1.14862572223823 0.125880729090815 0.755168215328021 0.692536350175438
1.18184883458412 0.149544886426248 1.02017004281444 0.823294215941164
1.01194460558882 0.168769958445759 0.737720558586411 0.596579508643231
1.46514924641885 0.112956016553351 1.04446312160646 0.625570819756395
0.798320517100045 0.129386239102668 0.976496400629473 0.765248926732417
1.22266078667646 0.149662206383712 0.954755619899385 0.808355354039403
0.580299275879433 0.133791238180725 0.770521624767339 0.790479699113627
0.503299009329371 0.177942340763712 1.09711286419764 0.650770837632805
1.006883035208 0.153987916204701 1.48870531038367 0.656408050562935
1.6299807945499 0.15179809047738 0.863563810829654 0.601675728253242
0.211236135208482 0.144160227494229 1.19286321504502 0.622493376546265
1.24045300712892 0.133624567522488 1.21467616875416 0.673565530600888
1.3342988534645 0.142353367536273 0.794740784917532 0.681367079015992
1.07313785521122 0.147516516847427 1.6401505866015 0.675009564537686
1.45108587803006 0.157962917477682 0.739431127410413 0.718553993030668
1.33433965382743 0.110709019310175 0.668464895602971 0.720143354615601
1.02582123431393 0.129961611204038 1.40097698537098 0.674446928505466
0.643743838084053 0.144972960767291 0.836912924799661 0.671795711650486
0.0997243730128884 0.171743268963142 0.711707293403418 0.612714352482867
1.63405840067846 0.134992284697783 1.10062101905583 0.752088462350103
1.49938949133476 0.136540229776453 1.40061732637498 0.693445787658831
0.319198441319727 0.14967539529354 0.999559972273511 0.788349531033153
1.55792220918384 0.14158855659846 1.15773586027083 0.713226145552552
1.38277556070582 0.130395318633669 0.952272479243139 0.808807039123905
1.23691036997783 0.142461543408898 1.25600349845981 0.634189213502105
1.05252925512687 0.122752335515369 1.74320924154965 0.857726999081193
1.08940441144585 0.117754261680064 0.826701683699919 0.697342199533511
1.55539752229327 0.122961372566099 1.2344371961639 0.623568384561543
0.948489565771224 0.159436731537395 0.667298538002122 0.898736988558681
0.702132967547584 0.122475439636186 0.947444017951803 0.669627685240741
0.804939541995342 0.154039561215367 0.834073159673163 0.654043627983814
1.47438538041744 0.138338778463099 1.36759809796168 0.613073472733501
1.37356944583171 0.143414831724967 1.10838549209846 0.686289696040742
0.806282897962219 0.154820441026925 0.877184047973238 0.679922590922366
0.717494587528219 0.153224846880415 1.31871382966087 0.579318418955259
1.11912610597156 0.162497395321876 1.11219952768225 0.786162976698109
1.07792847249182 0.1313729517306 1.14062541320313 0.803943350402281
0.698672420513359 0.1928173731468 0.794347070748404 0.704302565387867
1.3642464695623 0.135451869891281 0.67492304016416 0.776812110091948
1.00805887747299 0.146577243777933 0.385128793778392 0.875692835227974
0.620682283332507 0.148362054919135 1.38413122018197 0.65338437959861
0.676715771586485 0.130530538720553 1.54379760489718 0.723965684433776
1.13234219665158 0.114251976670242 0.946404469951555 0.695826607995884
1.14641970466811 0.150121395950148 0.831821738600499 0.655505469323288
0.839155363401825 0.142298450559936 1.0446822119256 0.804335377330744
0.901928386649608 0.131939134154554 1.46711851849693 0.776522659987859
1.30035043175083 0.158359740130326 1.00252873185882 0.707658368674562
1.04204426759737 0.176798883783224 1.05081952963314 0.72338518974304
0.767154249946218 0.14481390583467 1.01943682848676 0.692916298295915
1.11831270552208 0.149898961447433 0.667802797036019 0.62683211703343
0.86951451276708 0.14234553709615 1.46379602224488 0.591920733319474
1.61149039153878 0.145192857098654 1.09511576873728 0.768980173047541
1.74477076137922 0.165276936755645 1.20907211357908 0.718172833558301
0.729529549421744 0.128993176735913 0.850845664823574 0.774444243994453
1.08554750412523 0.158617996873071 1.4540277188991 0.70796166844392
1.36101223227707 0.133255704084905 0.885870051858023 0.667721295749423
1.38865119895916 0.12841847498849 1.14955532710675 0.72734822871759
0.810597346853988 0.158382812730588 0.954728191945438 0.666580329087954
0.712242981900062 0.158312223029488 1.45488757301425 0.771595166261467
0.492186784264683 0.141234936229355 0.353070631638495 0.782377767346995
0.698776861174864 0.140397317803678 1.60324008916158 0.658780560092286
0.807154932259217 0.193075191858955 0.809541102584006 0.790832039934693
0.599213419189203 0.145110483453917 0.719616288021837 0.750177354841809
1.19127166848377 0.122285045461302 1.02264225938898 0.695324966230748
0.194906538414851 0.146591828453756 1.38691609896786 0.736718330084653
0.660796064105518 0.136803653542051 1.20950849364999 0.608361022513088
1.40945416025655 0.123260982602662 0.741460091707957 0.746546772993179
-0.0459017386692954 0.159314569309009 0.931581798718189 0.756839530841118
1.31721075024565 0.162034846335971 0.391924029063892 0.692623424756752
1.35294312253136 0.166084308255238 1.39394903183096 0.829266962090297
1.22879569271887 0.144559066064444 1.04167015824413 0.665657655723867
1.46843736189914 0.142882182093547 0.657413837779844 0.792275169630831
1.05407880123505 0.150833650926192 0.804651170974673 0.643194561769391
0.243743887141835 0.150953255349153 0.977879833790112 0.74428873587114
0.846012194888783 0.151654501523113 1.74706455783842 0.61160123690301
1.13628348167048 0.140829085070877 1.22739338087271 0.656181558352321
0.475659537441533 0.150923552626518 0.60468888054309 0.793855750376391
1.14968959330945 0.14096509362702 0.744677324847165 0.822970277404734
1.21422015551889 0.149715006676888 0.928815745074195 0.709167594141911
0.987861506946124 0.150183988800083 1.54233506886667 0.834561981286912
0.922341773414208 0.126435566266608 1.24069620151821 0.680123795732944
1.20975559735617 0.138258277260663 0.747410814985506 0.763910944603049
2.19220347655433 0.190062274035502 1.17727318177189 0.712050827364086
1.58389083570243 0.144202320623207 1.27040198016838 0.84421961886083
0.723014361150424 0.15086002320902 0.692995374119217 0.737002439781501
0.868941857007288 0.149966990517827 0.9129564831097 0.593784265073547
0.33052632530148 0.156678397027728 0.735431306872215 0.666659038682082
1.14276867056664 0.148889171530148 1.17116356179837 0.688007006864786
0.981409791913091 0.134942507038745 0.909290790547321 0.680567045786676
0.631648315435854 0.128113088132709 0.864987360798472 0.725727577460914
0.943721731826614 0.114580121926207 0.570841278311555 0.722248456478117
0.437225506506504 0.12826992309905 1.15203257048658 0.721072189248123
1.36824560771007 0.14808188451721 0.897205752046083 0.859444019128533
1.1825547116327 0.116288215219193 1.29673834717475 0.678263007408883
1.24491665383008 0.123352029340125 1.1471986883364 0.690626672731545
0.239729059551181 0.159112710099518 0.760281867738511 0.770665622366376
1.27584053267728 0.166638030614832 1.1493835672134 0.588123133949803
1.10709390015087 0.119505888545978 1.58872573860407 0.539456317757272
0.645260734563662 0.15996505471666 1.57596732555143 0.699673865034323
0.628554531761396 0.149229138416465 0.942387239738203 0.664782562945807
0.863806783555311 0.120136343030668 1.1511790206344 0.791879030817651
0.748069921156432 0.160580923389654 1.1494559341856 0.648693370061595
1.00078108974983 0.120129994385748 0.635169350244981 0.723105543140942
1.38129992258816 0.158438352566164 1.31041174295078 0.779028936862979
0.95024524924844 0.119571527726819 0.791860493201295 0.739560026688798
0.393710848101832 0.14408284843891 0.834403003900279 0.661571483659541
0.756466709325098 0.144869932429529 0.534949596912559 0.723689580839288
0.480110773854202 0.119224318696472 1.55742922846764 0.661482737528356
1.23952770709962 0.156046916168573 1.05446203726751 0.548746724497507
1.24874032262407 0.121657420210995 0.903004577754624 0.673899048111668
1.23433216331921 0.137582241699014 1.08242395159643 0.752815921677956
0.583348806529019 0.144993073572709 0.888724277377662 0.755608618694745
1.73481556017612 0.148239988059724 0.717689294482542 0.611179379434578
1.15383384558794 0.142864398436026 1.09245905471489 0.581553103245305
1.06612422496521 0.151391329929653 0.271225384359563 0.640089932779131
1.410502645256 0.189113424294579 0.752631646793537 0.570009901311373
1.42175145692179 0.118008142096164 1.0138532101624 0.713610538494931
1.23837643145674 0.125211747197987 1.27509743233616 0.74481552662875
0.646054237810382 0.121313097715615 0.139547522216819 0.799297044183998
1.27378497746929 0.155869854457867 1.40425218013032 0.7682520494054
1.02800432446494 0.17188130484363 1.44008413596865 0.708965209473976
0.24865479553667 0.155530500690599 1.15742461953377 0.623367272261209
1.41993137664558 0.132236418869838 1.33790097307177 0.603732178578402
1.10221852252043 0.151480519868844 0.944316664955222 0.616164102232466
1.3286426177641 0.125929295055322 1.0555875720811 0.561212935891695
1.09746237574201 0.146557117918008 1.16864047050998 0.674514364747354
0.791809228168061 0.140206893169642 0.592378847885142 0.792611805954066
1.00740013468295 0.157776035597296 1.38692311300614 0.620486041331293
1.62339221942187 0.158725206490954 0.855216127139876 0.621760147710679
1.24047397696425 0.140421365399939 1.25802002272932 0.694754448946808
0.410632506975522 0.155462275485733 1.4685232117704 0.650462054424069
1.13713083229927 0.130509836137386 1.34495827766271 0.779535000626954
0.580609631478101 0.134513832146437 1.02791527387454 0.732969116262361
0.511449822238429 0.149943984660253 0.791841580908508 0.698652016949094
0.347589408482929 0.173694697400328 0.939275095096693 0.67982692895089
0.510219299452485 0.162488372905748 0.914859229206645 0.659998748520265
0.789449667419603 0.124404374223852 1.47059230578064 0.613200323462789
1.13527491871307 0.152188594313094 0.870806254292189 0.681217765689061
1.61942271825095 0.169407033625731 1.20561221883018 0.658739491988075
1.14494470963698 0.129738850086119 0.949698206755131 0.73896120768342
1.74877619233708 0.162268927234559 0.801730587528604 0.548041995220079
1.24844465269261 0.153385300140226 0.534094035300794 0.762683194509642
1.34880184854511 0.13867899251113 1.05016840734109 0.644214377949774
1.42560006014517 0.132986332831965 1.14520283459233 0.736239687887815
1.33815031988882 0.116558893362681 0.91215718412257 0.653496117895189
0.858224523658663 0.148338327509702 1.14648973193679 0.710360245298742
0.708057384644789 0.136231236818546 0.903533199344673 0.693784461846975
0.594271590486354 0.139675098736082 0.482731398354281 0.813898143096036
0.372871361205223 0.167089808770412 1.00997304908307 0.691018433618942
0.500752777038251 0.138504366848723 0.96865892864847 0.792154215763513
0.856622233184184 0.133011908343577 0.66171308073037 0.738152110739516
1.01163246716017 0.143008393512608 0.64454035494835 0.77067213032261
1.07714667109943 0.122914207549117 1.16131958798124 0.791411063198794
0.778613253487834 0.105192887196984 1.28838569774493 0.792802503083098
1.23168698158253 0.147220757058616 0.471482529353641 0.624995977662822
0.709017106593976 0.125632752297498 0.87737732112526 0.897104325369764
1.38814358261573 0.152934177032598 1.09767732044888 0.743750296998568
0.787241326149471 0.146616566343027 0.854691593805013 0.660275183388733
1.30359211452387 0.142580027584979 1.2106742230279 0.759061562464079
1.30859353860217 0.11997128449695 0.745096499151363 0.594280049192112
0.682125022202545 0.148033225305191 1.47876039287992 0.774467908018699
1.34921901892333 0.172534845953341 1.14824037352907 0.668515123406296
1.1377640130023 0.131852661749936 0.765706478910829 0.81933564094433
0.518028706808919 0.143002905223221 0.798183568430126 0.767706527236962
1.37309647669691 0.123526930472644 1.0797599811507 0.572654333200001
1.40379459933002 0.151526834253783 1.07603241158852 0.709619410781219
0.122644931046419 0.154849133330854 0.995300066768189 0.771063815657652
0.745139528192278 0.14456907052815 0.834478211133437 0.717331040145349
1.30942581327754 0.141555322017403 1.09006909236133 0.671865994868695
0.963645263432792 0.121306907783722 1.61404607574945 0.669978545997146
0.917819424801981 0.146230284307615 1.07778807335372 0.648318556856946
1.63259501780341 0.151482483646684 0.808965557770988 0.774524826897171
0.451131441057981 0.107774049599476 0.166066925518289 0.718980716776967
1.0208436844673 0.126472078417833 1.48788400585746 0.656283935852299
0.436081955865437 0.139615534804449 0.906921928753223 0.64004758552962
0.902376841417381 0.133822604529836 1.27496172808633 0.650343588720922
1.77902426062619 0.170649909118412 0.739318215653779 0.63540640287534
0.650254006770993 0.110770632689228 0.544462092858157 0.712172495034547
0.615955960129041 0.140555700998212 1.39664231244842 0.729293289423786
0.642761086770725 0.124046156136497 1.06981884278211 0.734999782882931
0.503212308275851 0.137954029316066 0.695571684086333 0.724188376794268
1.3856105478227 0.138982725004589 0.4612125020422 0.686542039780614
0.517135641621087 0.158348838023859 0.92147848821062 0.788904786287755
0.930458745739674 0.120402246544808 0.772255412321265 0.568568058679446
0.818255912415838 0.129206876837164 1.37972175354635 0.621439424079301
0.609418844871352 0.148657764777474 1.03154055553264 0.759598394633059
0.673928842298513 0.145418228594835 0.944000087341007 0.801423652052184
1.2076742759301 0.168070939543368 1.37455486920841 0.773027016302808
1.10599457351776 0.137772527451499 1.22969641215384 0.757760527100975
0.693879390774095 0.114967329043793 0.650798488094647 0.716019531227333
0.454779925657424 0.155496317004147 1.38015728237775 0.678005321266417
1.02951921688315 0.14156831031874 0.969221633602954 0.757598600225559
1.32665728588039 0.148522218237916 0.806398378540655 0.773623375246589
1.7314958601327 0.152668694527279 0.99719943689379 0.707442379737039
1.33330757964323 0.165647943188715 0.834061684234519 0.630086573518306
1.57513076882734 0.153478013920281 0.872406434253957 0.822424867678871
0.703821515327708 0.129093973540865 0.971081059102722 0.795842893734345
1.03292365636851 0.138869292755743 1.31503503515648 0.753374108240905
1.15337119170432 0.138919524931281 1.2259816513265 0.930189637735755
1.42706210311461 0.140717370993695 0.853111552971094 0.621133573753057
0.960960289129104 0.144044770468623 0.570143608479835 0.60396549811296
0.750266434892949 0.132900922682974 0.502935596081086 0.755731635497504
0.860767950329019 0.112122626223767 0.787411716604981 0.845604696979795
1.26936903102234 0.144126459106701 0.383636779352929 0.620292769292169
0.899791942430738 0.138103457018332 1.14536579787455 0.706469746493761
1.01480913663974 0.126232529214654 1.05535487642955 0.691374875098337
1.03181233107638 0.144867992164752 0.904308478648559 0.76908938051386
0.777694701721427 0.142239409846904 1.37786497466448 0.790480972346816
0.473084653540703 0.172047632765148 1.67710469694342 0.731814524031549
1.33348075739234 0.145144730565901 1.11012357150207 0.764010658951263
1.34033499274385 0.156465713108595 0.999157557623807 0.842569956426942
0.499289567228882 0.125347047500202 1.00170451287755 0.722718473495223
1.18490751282222 0.123545602966653 0.874668470211902 0.765891699373636
0.78815121482384 0.140505641949971 0.946940105822512 0.68749817549197
0.914898117988617 0.148684597784992 1.16326843258585 0.73685419821407
0.895704867073866 0.139859890437139 1.13997781549724 0.654624178610628
1.56142300601165 0.161824171036757 1.3494136366252 0.745385803945703
0.988963625440546 0.13402311496509 0.663854085987992 0.702857621089882
0.770406540262198 0.134676286562952 1.35476199343504 0.807281607405461
0.764812232197322 0.134587871679693 0.640551102158473 0.762606835671085
0.7302591011194 0.141238453625084 0.817183793039471 0.750617190017556
0.660243559155685 0.130754754628162 0.743728177079524 0.550143987024044
1.21236545226345 0.150807027074898 1.05919667442735 0.61343513218719
1.49214271709629 0.141748721255891 0.424054818146843 0.872775959222375
1.04030241917303 0.124555888655319 0.645376869318041 0.635566367501213
0.894166581266158 0.161481503581831 1.72753313294174 0.759849327599658
1.74825935057765 0.161715826233979 1.35321168569596 0.688262127675143
0.791207410689297 0.134607819623129 1.10691980227843 0.771430756745154
1.46970106502796 0.144403771871576 0.800071607824989 0.722076665063229
1.37356129335735 0.136616026705363 0.477978978588734 0.842561544569884
0.415625378333455 0.135808847482211 0.970458779728019 0.744230220244409
1.60483352958426 0.155939948854402 0.906714300132694 0.669076300753782
0.754390666547862 0.128383484078617 0.870161701283786 0.735825519694772
0.825095477237197 0.119871852712602 0.975199983613035 0.760364873394429
1.16109754850653 0.149099263753996 0.609838528428339 0.622500672513585
0.854694824413537 0.161865919357044 0.838184719232087 0.790247726299298
0.970548256883252 0.128357844991712 1.20945718651315 0.668978238298468
1.27812086244249 0.144856027357012 0.913530892774568 0.698951496678569
1.34902123346802 0.147112907916329 0.866168990466903 0.720833364453436
1.60079584631487 0.153741407455467 0.862468771734309 0.808957811643686
0.189923584111107 0.142950530891708 0.954043124119046 0.603656325459076
1.35272640796474 0.144775019812015 1.15806788318946 0.681405812367546
1.04154588795956 0.160915896510756 1.50333599836714 0.779968413380033
0.805630743409723 0.158545973765823 1.31570801518969 0.752735635447147
1.78309585225063 0.134499922609931 1.13623046923616 0.573514373272685
1.30801325778539 0.122029323585413 1.04185157333802 0.678564302192897
1.24653592894686 0.138774772255787 1.38625689458574 0.639003071222903
1.1714371151035 0.138978749643313 1.0256087936356 0.792088800084481
1.5168842709291 0.158451754036211 1.60641696599213 0.697635121894443
0.437070183497576 0.159918975760657 1.02603384708371 0.718752218621605
1.5027518584352 0.135124371555796 1.35308529450858 0.669990056501441
1.2653418320281 0.157162355320238 1.37757031888445 0.659350996898155
1.06169699178266 0.128837171523867 1.07943375848111 0.700316680753984
0.748972109304083 0.139534341098937 0.694886002960656 0.714981437935859
1.1916882520088 0.157582264436721 1.13104909907928 0.706487517770364
1.27443995734907 0.126947273766554 0.773638362580567 0.605978482807753
0.808443774497933 0.154258345344969 1.12590872664722 0.746384285184574
0.68626804380421 0.123242725418484 1.27277319093233 0.715495052234275
1.2080143744911 0.140121464172603 0.991116896242396 0.704444532070666
0.944616092093268 0.145467440280474 0.854626260596162 0.709566054655662
0.193930199104202 0.142672145673008 0.833144328499838 0.723192691095069
0.532003446742186 0.12988316402749 1.24648711565242 0.575969375339414
1.53656639459255 0.141624449835985 1.22327740622386 0.683124060251669
1.71692320984732 0.147343641685071 1.26129136398079 0.682023041500832
1.2207240256123 0.12609760119382 0.82216618411768 0.744533347430578
0.522233312159881 0.17889609653916 0.545567020224805 0.739216072391508
1.06795744048486 0.111207167697315 0.581773718189348 0.803788830702398
0.719760712437362 0.111928507888985 0.70076466290635 0.611560906522901
1.00248339082871 0.116973433062251 1.33210072239632 0.639292267935628
1.06914184528521 0.145396608763685 1.08210608917767 0.809233914875382
0.735506937293995 0.153983501642881 1.48664948236652 0.644046318069667
1.00640608391348 0.163730959393475 1.15754323312079 0.732560418181078
0.55461712387081 0.139239885207427 1.65708787385049 0.668594936001525
0.913485596803502 0.14362952395863 1.10594695232878 0.806251073820758
1.19099915900819 0.159561170694812 0.998365412313622 0.722506711856083
1.34180308595948 0.129582469740827 0.652296958506973 0.742598986306064
1.15265043813034 0.143701952632921 0.982821543919642 0.70478823735209
0.932416154052725 0.139511504097771 0.713090671952237 0.761549191728138
1.30178813184026 0.157914335797268 1.20324434335518 0.683301223515255
1.06795630018965 0.159629419041145 0.958939903028542 0.650041564513478
0.748534187461565 0.112572754653262 0.879032559748569 0.719889955117323
0.682165137860749 0.150835599427366 1.62785360257518 0.729759399330815
1.35708845106226 0.128015095173521 0.753907285650153 0.679725327673207
1.27802734498428 0.148402990723508 0.993197604114871 0.865739266577131
1.29169585990704 0.130114623616826 0.982514470948536 0.739332191039526
1.23279071087136 0.15431729164536 0.959709448115975 0.850588670427855
1.13359979117204 0.101515701561268 1.19411121688331 0.741687502771901
0.986571425748973 0.118908661445617 1.14660534390749 0.717703125726848
1.15462823316842 0.129324213631038 1.26226616047358 0.669437701071139
1.59977470090615 0.136254980822075 1.25524003448433 0.795139103817088
1.27521320346907 0.136374117253465 0.973881843839318 0.813045454873718
1.26094686094227 0.1207536182429 0.633854274124586 0.712071760766328
0.551279807264932 0.151784226100782 1.15665325619558 0.801669572724486
0.690263558384481 0.157381568755797 0.743225349512645 0.60746317069836
1.00476658910237 0.147904234335248 1.34016663252424 0.672559924050012
0.743451451446234 0.146587291311498 1.4525948747416 0.687000827656223
1.6389614173648 0.12509997237866 0.426989696905323 0.742823382315467
1.42715535933612 0.15151040746101 0.873930155886501 0.754514675223846
1.338395822494 0.142981979350804 0.817383849510932 0.738670573885961
1.01001120915387 0.143793447707497 1.0440667463175 0.776887737320322
1.25624917999155 0.14446423204952 0.768504992903418 0.656539758949597
0.885375884902514 0.144473934693206 0.868742233858808 0.70276054310846
0.64531882709208 0.148199829191632 1.26796233190573 0.792553246142981
1.02110055129571 0.127657196391318 0.769724301484177 0.799217641444771
1.15204056442485 0.216276476653173 0.885121462858313 0.673523794440918
1.05669183981312 0.160839327791123 1.16035134128437 0.773908081848129
0.519280089995179 0.137654760219387 0.161381071268908 0.837294446152376
1.62704819350764 0.131918732757739 1.18197914386118 0.675516674984221
0.366456853273943 0.164260688165126 0.612258654422652 0.691019194004902
0.819177170919741 0.151191161242188 1.14588491517599 0.676433364674627
0.045563630070131 0.145079201903489 1.30983982909339 0.633019324627955
1.05453081256396 0.130665875525806 0.938942916575099 0.675910209156987
1.12008128470832 0.12183421990301 1.02422231727286 0.653256371517554
0.545915918913607 0.13158049150904 1.16768753941533 0.508143481639227
1.52330285223383 0.153272578170343 1.05219180615596 0.60294686939218
0.810013716765379 0.144529114858782 1.52430985043513 0.792214963562853
0.643585213839309 0.153901961880932 0.860233022030246 0.628999482738837
0.835122212239967 0.143480834841138 1.19823466090976 0.804085770032993
1.54142134454252 0.138181875926764 0.278442292708427 0.831837965212702
1.12614522255133 0.121878993199207 0.765108264493488 0.766321534149639
1.48856728475264 0.1555300152709 1.0023875411181 0.719826899478484
1.58526586627751 0.154049702671667 0.56872758880165 0.699386593136343
0.597179263665293 0.15601198550541 1.26098621232782 0.614900667859202
1.524241734815 0.153547118778583 0.913607467608153 0.61949519375305
1.60645138397123 0.141169037908269 1.41624673285789 0.605127880412362
1.20425814164535 0.147410975159351 1.64599560043056 0.664713441740621
0.907281581294695 0.12236655879393 1.25242496549557 0.733507517354343
1.10404957085946 0.155785288118631 0.565054835316197 0.744971271619146
1.04109223926985 0.140440624819983 0.875488388847647 0.681907215015748
0.973031816693053 0.127529394789614 1.05740373147281 0.794965672598762
0.93141014383555 0.129091579425719 0.790002110429815 0.72412080783953
0.783791482933125 0.133817876485815 0.459727246661542 0.911140414268628
1.20583282929592 0.149777172047163 0.808270646102997 0.633323273636844
1.99252348590919 0.188564860785127 1.03564210601845 0.638751214479655
1.4281427120106 0.13966605056961 0.905866655885745 0.725036504026098
1.09383729066987 0.146244107137715 1.34388293720987 0.675324394916289
1.4347093474929 0.153584037792037 1.12806368569483 0.72385145914326
1.17575025627966 0.163480437603978 0.96810990003697 0.615028593766633
0.554045313759114 0.14192146715792 1.0341424570238 0.637491787256592
0.620093253952585 0.159298357581059 0.748809552248947 0.779335159183337
1.45627238739779 0.143806748404151 0.324202604437435 0.721069663554418
1.27925119022036 0.187935826036507 0.774448411220636 0.707452671534295
1.12800177811664 0.144314881820013 0.423345453610983 0.865724702989021
1.83417720338243 0.174532385228993 1.04631790879847 0.69481944304373
0.357755329039897 0.137383507361915 0.954648427803206 0.704015571636361
0.957957997764313 0.152961018414605 0.993037834158127 0.65628253445678
1.50152675026418 0.134364100218228 0.777591614208923 0.656622073436804
1.63373249048897 0.152227340673412 1.36004254572536 0.678483759973788
0.711547600488936 0.116354319029931 1.32740713654785 0.619657441054393
1.20115819017283 0.153635427664031 0.679128953599402 0.648257495028339
1.09692940982152 0.140935296197011 1.44536185797346 0.733152149476434
1.21380228142095 0.159612832990398 0.708933531103312 0.676267454092215
1.24804916907834 0.12747382970578 0.952309289376466 0.686102070702424
1.25488158449456 0.150612691910419 0.702441486531859 0.628780064514619
1.12715774531138 0.139647567227048 1.2507622568591 0.631372197994329
0.873101077002358 0.122672425626527 0.957129483130998 0.64972505750922
0.553668103994757 0.126182058396409 0.92974919507674 0.682360897353259
0.947139103255574 0.138605657910938 0.762814084915939 0.688217982249772
0.873388902172381 0.135214662284868 0.857376665825989 0.70805653290909
1.23816011024343 0.141902202950067 1.02813570676172 0.770165401680696
1.35976274700429 0.160011107221741 0.857671923667822 0.704926275994192
1.38768915113029 0.15650814116851 1.09494370903743 0.690556855918781
1.51135141459136 0.155059941286675 0.86671647970037 0.690550418018543
0.955261275075925 0.125418131661317 0.8478617643446 0.749375291861372
1.50568045466517 0.139173359710122 1.11617037065618 0.670411771823091
1.75172035359946 0.138089505643813 1.20802032818738 0.663694905123826
0.780504223851952 0.141858195993762 1.47251080510436 0.750350908185871
0.612532523750458 0.149224471944622 0.733102148720796 0.534258892483456
1.01127589732917 0.136304550726582 1.24910340954457 0.776425804416466
1.06501487792548 0.151119058045772 1.16540139638683 0.698086096115514
0.501910299192066 0.143825474635129 1.33959408111557 0.648735994420525
0.447613498265293 0.164192769081388 0.813879092884395 0.678652573727984
1.21140565746023 0.163301894429495 1.08667589982442 0.540743118002799
0.441647387524891 0.139480011241261 1.14340347639921 0.51240268653028
0.902606616443347 0.136981851181975 0.684602591954616 0.616141471134281
0.712994743802342 0.137467204006132 1.33498477342337 0.589851013110279
1.29916006958894 0.140193035927131 0.962563461835653 0.862892054264623
1.00781828436704 0.148448283045555 1.27047915696885 0.808115825130317
1.22031193324973 0.144410084305335 1.26509635153319 0.6421289069454
0.451799649516757 0.131747933844885 1.25470976183047 0.709914733437189
0.769227129879021 0.139492269756628 0.798121299304933 0.596769575263659
1.30583917376102 0.139826294426424 1.08586663108643 0.715872047383103
1.04251021209643 0.179397760257412 0.940599903511049 0.680062230669038
0.797527976560219 0.167987510892229 1.32218122208567 0.696059272477452
0.653918846643754 0.157438130594488 1.16824997740285 0.647060916952665
1.39003741610198 0.12400622917632 1.08111974648952 0.766004018814707
0.554411449941898 0.1470407387514 0.780333428087201 0.774948439077435
1.2177052086422 0.154826123363182 1.16446842521425 0.682839864937032
1.08362808093267 0.141552872643902 0.961163439881525 0.684498479307508
1.36826639541592 0.1330532799046 0.896855881923954 0.68473821854136
1.47553752669976 0.163272717341423 1.1161974614341 0.605013788374513
0.88008961045233 0.150577157614244 0.781408702143027 0.701267032091934
0.786303198139408 0.135942814511383 1.66333647354851 0.773889052409659
2.11186193910391 0.161218029211194 0.532903350575302 0.670856184394244
0.702963099975616 0.143296862743649 1.2963936612439 0.643677816105266
1.0761024329616 0.16727970134435 0.76925902929915 0.696361322189079
0.643836409846974 0.117080541567313 1.05065261506053 0.65208007332496
0.745372753646313 0.128893127969327 0.641163174865339 0.610654477143115
0.857513630438939 0.152784871768833 1.61505048722303 0.716518323979219
1.09675721656022 0.156726015746952 0.705055862752727 0.727733480443548
0.745662756833138 0.115290096018749 0.618892845958227 0.600336441938264
0.778709137187487 0.142074240705552 0.900036827720315 0.655597703060621
1.28620588028773 0.163531999648154 0.846488592652755 0.633688645399608
0.865702917736327 0.135956804165674 0.946696398223752 0.717950609375611
1.44390931711174 0.142699798558561 1.18788079566686 0.75703868059465
0.744088274165689 0.124532968006311 0.896385185760903 0.618598398011419
1.31977216260269 0.146215664273522 0.87721984997291 0.836188838401415
0.515089625553909 0.136393221977327 1.05285547408046 0.669961652131941
0.858100135143865 0.132499518145524 0.897764182374153 0.831045056029833
1.15070854531714 0.123623225753556 1.20791751295884 0.59560695335438
1.32608472675407 0.125096847042214 1.48765038203891 0.665636027428823
1.61009765440558 0.120589639278652 0.669823050020047 0.665447824158607
0.74801959017146 0.163218373460097 0.465597710557877 0.811116530339142
0.501431306556584 0.133908279234627 1.45942311928034 0.617637933544586
0.971330613697852 0.138725628566166 0.912904580306913 0.684563798109838
1.32790479854412 0.153212087281019 0.769734028375434 0.687104070704558
0.551631930725856 0.164483116807588 0.764529258196848 0.639748244315976
1.28039380254285 0.146386461477052 1.1021751991438 0.627477185445053
1.23766768071459 0.154975408534749 1.367270953691 0.753242233049526
0.956474066774798 0.126143576848621 1.28786527947659 0.748956370677969
1.70147890993426 0.163784196128915 1.23070188994934 0.648355977627228
1.31905372989549 0.161353560235805 1.63577070141162 0.657195902833449
0.676239617319089 0.150822231600883 1.1704316739848 0.731140992349802
0.473956801362129 0.12039277895575 1.55305009017903 0.803978267375861
1.23636498314824 0.107672932585076 0.694012755592134 0.623550983576128
1.48754170651294 0.145745109897063 0.642840366090024 0.680999670734134
1.61766097073462 0.137736457497642 1.35718671012248 0.710962034598612
0.768087523167694 0.154800815342384 1.26014452146197 0.804295136222892
0.792967744660042 0.124367746855838 0.89519574827161 0.936147059444333
0.825034101964505 0.119983460705957 1.01524484785953 0.718324569366497
0.707924652801073 0.175333766040358 1.02373177291914 0.675660692214866
1.61897559491979 0.170195563121556 1.18721899212618 0.871536435291381
0.751109957587886 0.122318481019093 0.679674577513593 0.696263119745702
0.628008131880628 0.135902937620986 1.58460885413982 0.817704971849399
1.27071645873563 0.149890695531342 0.877555213740494 0.582269186737888
0.529058118627589 0.119033207083744 0.747644218516526 0.722785490798361
1.5518649968125 0.150513178241778 0.851435992489868 0.741908405477548
1.01995477648494 0.182832048407176 0.827484278002634 0.655470147033221
1.07586803730714 0.146150970240075 1.16032107988612 0.742318340228886
1.04990805097005 0.122049290833922 1.1656944555283 0.700761908028604
1.49945146240419 0.131531406320754 0.942173831998542 0.687251632782329
0.893645573168566 0.135118574228612 0.851547113491232 0.57529508427133
0.98340149589789 0.161855872020996 0.716851372041307 0.725978183387005
0.418822688429369 0.166770110277197 0.919834927456049 0.611897283231464
1.20380189123731 0.157249539149002 1.39413606712679 0.573448808032696
1.54311312124411 0.175914938713136 1.17438459322102 0.714765837425548
1.2429735874349 0.142996324696867 0.758343213937824 0.797911365056866
0.629112272606878 0.141111176028214 1.15740171491618 0.713959454355421
1.06440995904 0.151831209894151 0.908105426636168 0.859846402325668
0.623967380482313 0.139757719557918 1.25178072006814 0.546204140328047
1.12923393032465 0.153805700887327 0.530770571550968 0.604270281098258
1.27347508965886 0.150555985210862 0.675697094397159 0.728430908237576
0.919001155694195 0.141486040272108 1.02730703332422 0.81741223982135
1.60580243497078 0.146956320035518 0.894010469562673 0.601078567556536
2.01461198794417 0.167758668623317 0.642036373463964 0.701991368324342
0.789053954372324 0.184745501899317 1.06467145707539 0.663665875798011
0.654878650716275 0.139282482724233 0.625384782200585 0.72695001001968
1.15341163511029 0.179153991597877 1.35996858722223 0.601915084221548
1.86355790237569 0.163767530336241 0.931995886042912 0.704595929740633
1.42442540901533 0.137910468391845 0.26163043278406 0.80502621193744
1.3036502867097 0.150329066958921 1.07499046322223 0.788202947220455
1.42202375593087 0.160197038350142 1.2058181404555 0.779368836522977
0.61053170148313 0.132408555797675 1.27578716736331 0.729880575483785
1.65152471880723 0.162160250502913 1.06369527793354 0.58917672411338
1.39886981237213 0.1573231166119 0.661195122896489 0.727376500080217
0.525477620113056 0.131631513425689 0.132076509808645 0.822445701613648
1.72708441175874 0.16392100258826 1.35693886708308 0.633219363473635
1.33859813991088 0.150031945986598 1.62453381991092 0.708436898213793
0.707697288964729 0.134190138223066 1.05604951864829 0.670549339126499
1.0563312276572 0.115680558756304 0.588394607975191 0.572370184000232
0.856146971422272 0.145340624273651 2.00605067971118 0.690348481241792
1.24206842805402 0.132923679360102 1.3786825783334 0.667069251298189
0.880908640857484 0.161136282623282 0.699575345191077 0.722752186222157
1.71709667239246 0.166136343172575 1.02212176281328 0.726890266862356
1.36961658208283 0.160706018946841 0.984635452836036 0.628230242077282
1.5565827437001 0.11235515123888 0.887275368703454 0.800786781449364
1.3255350544632 0.133029641651586 0.997932355918284 0.703993167179653
0.937056976360555 0.126529729514913 1.86942445606505 0.801905345762982
0.943177254258642 0.131919869771999 0.796334107723638 0.661081555990844
0.457278959540577 0.138702761118117 0.908502903888086 0.773602226437291
0.136081019714417 0.153628192431936 0.21572956930018 0.820908149919595
0.947431812266791 0.180408259065015 1.14592864399611 0.738892809503218
1.21691846215671 0.128966701341739 0.728461813241322 0.814830806354969
0.767053774858332 0.134510175469438 0.57404695432857 0.692604973915783
1.35851692254166 0.148949894229371 0.961210635065181 0.685993464131409
0.427784105118221 0.135285771427705 0.88110390019505 0.856961909504981
1.58611947584451 0.148936826863696 1.30004091162576 0.577154727209832
0.87948210586711 0.111807840009496 0.813170849945555 0.724543904909361
1.36105478670385 0.156387838091693 1.16933470216547 0.686307101214055
0.706496801869517 0.113254471513971 0.747122022614581 0.729602891835358
1.02051122819725 0.147372849808269 1.71973155509504 0.610732508315991
1.23905552258828 0.123522977432256 0.868149649679134 0.757488105333002
0.549432744544309 0.146680166523647 1.50653774374382 0.786128456996849
1.02580245330319 0.128516154761471 1.33659032895055 0.595873497198281
0.965653943381435 0.102381485239947 0.859795835575068 0.586442151286787
0.671952449587731 0.136462135229532 0.631884544334378 0.675556179073094
0.75999014867548 0.1245871721051 0.998540973886272 0.555419063013719
1.49078054204476 0.16048456127852 1.08179584177014 0.659852158881108
1.3850570169916 0.158429525118444 1.59414688879077 0.707363587418474
2.10624421281997 0.161730883069172 1.31072606827734 0.842709642484392
1.05862461321435 0.12449348819474 0.767863876820751 0.682622340008584
1.87402539364651 0.168361765492312 0.724468747541466 0.716773277180031
1.0684969646552 0.132771176411569 0.94466669105982 0.772809724538627
0.695948537250096 0.120706119942606 1.19835644249209 0.659382177234604
1.02946343635214 0.134599850104568 1.07192135310496 0.678036222694218
1.30480824388358 0.143924715081306 0.812888732375823 0.647025360900357
0.878071527577071 0.112057249883163 0.708267279567683 0.837194926558784
1.20238247024931 0.141184043202836 0.97582235534903 0.641832552876402
0.604146520441857 0.180406072851995 1.28604417739169 0.738145146809115
1.34271494461622 0.164388193211008 1.22122812978573 0.713442228365408
0.747337133003433 0.152534319027116 1.18205836352078 0.623090907699947
1.54469001708836 0.132218506884273 1.53805561660738 0.725057890958215
1.37854870607399 0.169469869206207 0.76774692571464 0.683509516010298
0.888097178209555 0.164565686295606 1.23117774472607 0.809068289335915
0.453615058910077 0.15158323805212 0.990736756505715 0.819929017737709
0.41918518729196 0.132320253687205 0.723178280056401 0.604360477175084
1.18710324187128 0.158374798398504 0.647194656223141 0.699122382982694
1.25544059259776 0.142809771884865 0.957697992246262 0.719089874311457
1.4743805166308 0.138383754375185 1.22426681917785 0.617810812648929
1.29235284246622 0.147879781447487 1.05492465810676 0.739285741076203
1.02044446442433 0.13024418013375 0.610815003305601 0.689630121052935
0.655590686065424 0.155837058213758 0.740426103080605 0.616748373025914
1.25140801388672 0.160927118529136 1.04552071765387 0.617173017909207
0.911684151338484 0.175617658233097 1.10447015922589 0.66647745185859
0.925793310715072 0.137820034040471 1.06089951422738 0.554795230514673
1.50571658187879 0.143522054306098 1.09658757514631 0.63738785350384
1.22350157155734 0.146585884838505 1.09673442356317 0.786021613498643
0.826624630022201 0.12733207918847 1.59478013315334 0.766619869360249
0.804703776866042 0.139781932275207 0.949708428689019 0.703151493652425
0.624534516335065 0.13153538785554 1.80648832166268 0.788273790708063
0.89850178243134 0.145374536505181 0.893205428250033 0.624405247735686
1.09257192227437 0.117656760017085 0.846917630172494 0.706047374500036
0.941709615909953 0.132142551787556 0.873370947422488 0.552919773495671
1.27285005209098 0.156453054079318 0.661848668448394 0.729995760636727
1.53070533314731 0.150045380131317 1.02045255286819 0.727145744897855
0.876417965262219 0.114606988510337 0.753290889061777 0.652135858488787
0.832512322227858 0.142253763198401 1.4091919113919 0.793733011578675
0.730284246816194 0.188294559462923 1.46616539884281 0.718702834379296
1.25811550954892 0.186062409085569 0.959444449292113 0.686076414345281
0.955297567315614 0.160283837482598 1.40051384994338 0.750923405412552
0.941077049144803 0.127296457604646 0.778065268025223 0.696400813769425
1.67317405847002 0.147841023479333 0.956346768940812 0.78583279913264
1.5472837771097 0.150845269048854 1.32282740277763 0.754452824736206
0.599142691731111 0.166049231945365 1.12063089081227 0.750721644235288
1.33457392231986 0.13369167958267 1.09974155174132 0.678468920605292
0.666048333200344 0.155487254928301 1.03830546928088 0.822624197028643
0.75006254404027 0.148424203177507 0.321192343771803 0.714657910721019
1.19969935293863 0.133004481256069 1.02999016531343 0.638210576763107
0.897553927083567 0.15175063988267 1.08270849909163 0.7240446022462
1.15238817059924 0.141436505424286 1.6574618629318 0.72628768960008
0.907291118127397 0.141711462553251 1.24565027446112 0.712829550014769
0.741306258088414 0.162632457955925 0.32071791830031 0.702366368532448
0.631164318177224 0.143287209254907 1.11436362846526 0.717735386721354
1.50581484088513 0.151151795067716 1.34843383476153 0.724666859670728
0.975525705612912 0.143436672039921 1.02639746041439 0.802747750190062
1.03768347067123 0.134610231265817 0.322107912739193 0.814412759979939
1.12645562637272 0.149523906236261 1.28134633291226 0.61549699491919
1.02754752518414 0.13387652959687 1.43999249955972 0.858076592666712
1.50472780025289 0.148399692798847 1.05455732168558 0.575240689176518
0.810189220862233 0.161089504412919 0.987365857705643 0.636262566360164
0.855867009439119 0.132493624422528 0.587013288103382 0.738870907794906
1.04725643651402 0.121256980073605 0.443746479757166 0.808677732003657
0.912914466197779 0.142704136870809 0.837468574298226 0.711798417988511
1.07838266682512 0.14505649312081 0.781300243340295 0.634013956054968
0.92431559534424 0.138897318060066 0.576550570274414 0.64448556092573
1.01249210309967 0.137865420804329 1.72231470510263 0.691704041994344
1.36051820778232 0.124598381929406 1.13119321958283 0.708558580649427
0.269132417789189 0.166356090876821 1.04509815570818 0.611906959842813
0.73502724719445 0.139388175863119 0.956047822856355 0.722040361471737
1.46849617683184 0.169158398273026 1.07840051966203 0.635309132417758
0.906888035193451 0.135202454513207 1.19640060921662 0.646585566603025
1.15318439724381 0.142079665050076 0.631030065624834 0.754278719231744
1.66131097492089 0.165273132079443 1.6137162763937 0.736560972787918
0.649692638675582 0.150704081794907 1.13142421613745 0.705662865737301
0.928304381052275 0.131911598721781 1.33406749144082 0.645750206310835
1.36668653710524 0.122186607880705 0.580836938181715 0.563745149314563
1.08202578332103 0.130058219402729 0.882352362446773 0.836531693111425
1.10348358868257 0.145433333896238 0.816110205446663 0.708802421006749
1.40138873222161 0.133021440494098 1.43977168115254 0.843131396513082
1.3264973702952 0.108136806608672 1.33859201692557 0.653673295852406
1.36179677054608 0.133314246512678 0.832722587457154 0.705651951301298
1.37891982480421 0.110690665742962 0.706177643009885 0.616275377962567
0.434492848185579 0.128080785433869 1.33897600167134 0.704487604005942
1.03048511225298 0.141649896909358 1.10035775901979 0.813810900733668
0.733315846504626 0.11470745526813 1.00877073932076 0.732004240646433
0.942415982169165 0.115529927148385 0.960615242674725 0.702591468470463
1.03837653835268 0.112440475851821 1.60817418878135 0.732059068737011
1.34730293623674 0.139129205444611 0.906617000080879 0.67039476960181
0.0425036091578404 0.147110025958575 0.864661396740322 0.610666592133451
0.854832160399759 0.130856704462073 1.23820559164285 0.84733549330267
0.900631006101638 0.133457197962974 0.709337556414007 0.634506383615879
1.35306850939259 0.144617629946801 1.11931721301905 0.64808271966393
0.733812327775646 0.140177316361104 1.83157776854029 0.700125261934869
1.45364557023973 0.147127107247111 1.45602560086409 0.723973678139221
0.925585150099271 0.131088707989364 1.30602937972141 0.590288924118369
0.925321657454267 0.110399435961766 1.32585505417886 0.603487706931591
1.32630183466773 0.148992415285907 1.20464977895392 0.809508255253975
1.08595626421832 0.129707921100064 1.09993150982721 0.687994000136464
1.30115402688304 0.145307752263979 1.30431316488765 0.705525428667214
0.957045195920506 0.130886855688902 1.21903073988467 0.610569687155442
1.32529869157568 0.125494430177982 0.553588283347249 0.65825508288903
1.52075546921067 0.171917267813188 0.806223844089767 0.608941786462255
1.28388975966932 0.159800052681856 1.44126221233197 0.521270072482509
0.937764557315517 0.157771667189372 1.41941851658102 0.679442877678273
1.42009372865498 0.124448336451721 1.16522471562157 0.633428114315659
1.12495320316448 0.169409349981505 1.30094357786374 0.631639356924144
0.791426830348173 0.117494139385486 1.52334820379017 0.645976206855155
1.12499390717707 0.131051926610835 1.33683417280098 0.589491470585537
0.956253700451958 0.140607208890314 1.61943534250662 0.688482518139914
0.856454586843408 0.140619333316606 1.47741421843308 0.65864393858536
1.29923045478826 0.179090949596506 0.720506484383397 0.594743355498808
0.64841282387223 0.1474036295072 0.619849365775241 0.721856608093781
0.691358139289707 0.134648507773008 1.16989206831502 0.685810469786808
1.11812082787159 0.146677372360725 0.79038755666855 0.691814147069665
1.02287845056748 0.111684062871555 0.924644319197523 0.689729428110297
1.50634543296092 0.144288338339766 1.80091524382755 0.659382918989049
0.933531826759618 0.141101577248729 1.08429497167522 0.636422364866666
1.60183150086294 0.147036144012858 0.910997203452088 0.70092636562229
1.23612060560269 0.127518443385444 0.939135524031931 0.691577143635374
1.69618947896861 0.154883651616043 1.23342108346727 0.623840521996879
1.50863545998547 0.113540077877765 1.0232682342677 0.757061669199016
1.16096096038723 0.144385467293712 0.721541209955533 0.644213419293374
0.759235186044793 0.155651148094626 1.09961036204818 0.582626918904264
1.05842386141686 0.138720734540711 1.00849667950249 0.635467713567209
1.33097943800191 0.12242643745365 0.769210842798932 0.666525654668059
1.13123462782313 0.152818217615183 0.794878912474126 0.618645188495951
1.90429008283923 0.15953166942989 0.811245444129854 0.589867128667156
0.613797314205912 0.155778348441331 1.42571707833864 0.544975084274952
0.81364273835363 0.131950839788584 1.21097714662035 0.646333198485501
1.51604872346346 0.131742845622756 1.27645520884302 0.816522758953413
1.06062306189391 0.147886928365411 1.44388672261798 0.586521141204952
0.574946204157632 0.137049059366104 1.02436870333269 0.658918514514038
0.0552329641448627 0.171007734226848 0.688051226673428 0.635168543364027
0.809534219489124 0.149127532075711 0.792918535347719 0.772423058530054
1.720977190686 0.194112727351321 0.642831031878818 0.690103576824843
1.14279412520261 0.15039757523076 1.36810043666525 0.749886139180556
1.21569612326187 0.160308189604735 1.54507187361611 0.695809898041998
0.451219057195777 0.177617281707948 0.944792701270266 0.718176353294255
0.758427854204212 0.143550011907202 1.3605858632524 0.713446513864722
0.578327498883196 0.14612544672615 0.672411975469297 0.707983169793703
1.47158700079807 0.149171353246186 1.46287693877891 0.551812699946625
0.816548913217065 0.128300856935046 1.11951297932901 0.68392915864406
0.891946572463006 0.156851832414897 1.44198704180171 0.754936808303447
1.19149994864259 0.136665616681367 0.971173797209337 0.526707887261923
0.879602364648081 0.122783528386663 0.974532760933056 0.68461678993937
0.638245558197474 0.144436025339051 0.758226380495938 0.651128165172513
0.894828038111601 0.169767451438078 1.56916247334907 0.85915566560764
0.433756144682733 0.139351791418524 1.04666923659357 0.789981838365527
1.05670616227603 0.139876714031879 1.08061734089188 0.603362711162382
1.56173330298171 0.14115751535631 1.19993005404505 0.764860919987712
1.1132801112562 0.122330526805387 0.941235234301335 0.723656409741638
0.9919347182246 0.143011830016632 1.53587207704782 0.752314628978029
0.687641281103416 0.14603589451123 1.19334051031759 0.80487765036052
0.897694007533291 0.160901853112005 0.803277927159718 0.513750184515636
0.575828348322931 0.174504912366932 1.48769835822831 0.636590437169534
0.883680631706686 0.154738330283488 1.18188596956149 0.711238938497756
1.1586071191958 0.107441210846887 1.32087893450243 0.765898071691994
0.175044543106967 0.137256180724478 0.85318450152667 0.735189079105348
0.981652351939035 0.145815077741084 1.10714015291604 0.666515139015456
2.05654722116905 0.157750371198404 1.35177214459305 0.679778972027123
0.361198455575972 0.150838692478034 0.846880931272465 0.665374592029584
0.529917865528356 0.142027152621505 1.16331540927592 0.703220861115858
1.05914130465303 0.131707486594912 1.17313688553853 0.701613147694813
1.22264758184345 0.145155618432556 1.31788931606503 0.608331768712592
0.868423661312131 0.150916114152923 0.995991423331102 0.685295881673872
0.934340251135073 0.130290354635906 0.675577770241567 0.715215860158264
0.575818329801191 0.156595580165998 1.26783411050234 0.576521927689671
0.477814400908279 0.132276112049212 1.31004422703786 0.713255383516455
0.983156940620972 0.13693646508964 0.737378087302989 0.780859358200374
0.58341623060939 0.134830644805613 1.38062218067944 0.879956491506536
1.22268986166181 0.150651753329506 1.03913179901799 0.715418250370767
0.955994053849158 0.132226810965827 1.00892015470571 0.651309654489786
1.1086896628614 0.14353046798354 1.2264447865698 0.700404793592995
1.18451565699404 0.15558869960687 0.255942417760706 0.814595164102741
0.992618068014384 0.127170906971377 0.468305338258034 0.632859690418124
1.43698168026493 0.138778373292022 0.593264799216565 0.729749532677724
1.35709996868028 0.11665943504944 0.908242593910146 0.642218952859793
0.574227726576942 0.147817834230188 1.16392281835703 0.682577646877133
1.09199598624526 0.12811211315421 0.933501347495532 0.807060062321687
0.889953883854944 0.163791021659428 0.660165824579032 0.673125910175017
1.53156587761408 0.13422307407985 0.755243656422682 0.720397900932014
0.779510597698712 0.122125485008628 0.682136877472364 0.877841794446701
1.55168501013523 0.129199715600084 1.51863901338518 0.724546856460225
0.576082382312847 0.13238617585225 1.12184744192081 0.746812923274085
0.600814858094732 0.12877760317693 1.03702646808909 0.730299913599332
1.25016218120216 0.167702038401453 0.357092511946986 0.836362835222423
0.121334231169972 0.162151744578289 1.25622348371563 0.680150081887307
0.551106575911707 0.101292273228565 0.876765399323799 0.613701744791949
1.4819034897937 0.115176679853609 1.36700175460218 0.739260847721951
1.4785625933261 0.160422843566782 1.1926327844918 0.665898907431629
1.56449950908344 0.145596772402071 0.818217872274285 0.669316647890128
1.67930230166448 0.140632652333875 0.643565481186021 0.621355866781079
0.437830663554477 0.15742414028569 0.792579519040972 0.68865116580629
1.15258485504666 0.133969061366916 1.06886582413314 0.842735013426715
1.05984187624543 0.14906202384819 0.904094457323949 0.615627796691389
0.74865056763674 0.15531802746167 1.34600413057485 0.73250209446568
0.88407689120474 0.156569055538809 1.27726717494199 0.681996777400412
0.644401678254588 0.127304744860267 1.27635953504213 0.755890597929734
0.864718289019391 0.130424580679745 1.30513456963177 0.612375505816729
0.758669930696465 0.161141376507572 0.465988660795228 0.877350910247352
0.756128797021494 0.133597482436629 1.44852742108847 0.828478228008774
1.3161662776896 0.138146153253435 0.970109885482213 0.789070974278343
1.22085656825609 0.137074751398349 1.43061405237404 0.644595174309868
1.58928726554613 0.159090205110969 0.841233293684015 0.62751666134171
1.79541885903571 0.17546012067731 0.50449782258367 0.684545722821338
0.827949473214171 0.123632362346871 0.25309137798822 0.745526890393275
0.804211860572873 0.145594550749268 1.22698933234294 0.503481695579154
0.601792926249849 0.125330627619187 1.4592294819389 0.563441120566492
1.67540801250905 0.162238720008323 1.54566315357434 0.875272817428241
0.676002860740602 0.164517313612649 0.860506092587638 0.704543884344107
1.41260191948697 0.124593042280974 0.605003434792286 0.753411966535765
0.919734641197926 0.149295546693581 1.00222503705119 0.625929405455434
0.688409891481167 0.12042076233521 0.825669794963802 0.722900977309776
0.825826362343271 0.143593888791889 0.714063504136879 0.72184560444833
0.371094737440894 0.149887995441912 1.42735519532834 0.698018439024569
0.814170840646018 0.157379325996236 0.898733770866607 0.745863312151459
0.967137878683455 0.127077581334114 1.19974164147755 0.823556041659203
0.890357615185486 0.159134107351028 1.10310396528353 0.72934805273246
1.19098634363234 0.156102690743139 1.33915080603999 0.703017461554231
1.60498224081272 0.174102190689893 1.00681264770412 0.799085662585551
1.134785652108 0.167779310963851 0.582490902655088 0.716419442899718
0.116376856903542 0.169860694793797 0.652988955746189 0.808377301705196
0.558293225259346 0.146144420872807 0.545288029797218 0.608450440356833
1.00833561837196 0.128994007368474 0.958509674405257 0.666274138340399
0.853722942453796 0.139300012897977 0.837456337572 0.779638753884056
0.851968398910576 0.14689680976356 1.24498989691419 0.674829340133412
0.893026644143851 0.119182627467775 1.16392097882559 0.652920685898113
1.6152074530067 0.162961014169478 0.487964309141241 0.692152586769332
0.912573159043757 0.127663677917933 1.07083771467105 0.625313696075422
1.69018311852681 0.131896524288277 1.10915937014441 0.590703978247948
1.39494637683073 0.129236831213567 0.736335814842117 0.582119042091609
1.55005948534427 0.162922822874584 1.1235801302286 0.698147570975428
1.02047986244727 0.150347474638355 1.12506885097894 0.755630215706755
0.635391227177046 0.162472613673008 1.08060453317531 0.562619630946125
1.46694710937879 0.140210960151117 0.573706699712066 0.661252103838418
1.36766172980311 0.140067775429148 1.25873332479959 0.60735124920604
1.0108506431601 0.142710081288129 1.02273125150703 0.722594558284916
0.979835658314173 0.132237844368809 1.35686602236814 0.791269667044645
0.950301598960168 0.127723531195429 1.09302085504445 0.753498668452188
0.732501774961933 0.134200723050179 0.967801077208578 0.720603159531634
2.09597049212319 0.169872557113959 1.35026192896779 0.67460955335913
1.07046478193477 0.138574650945226 1.70384952693431 0.627333389967196
0.953260304190544 0.11946082746593 0.138762140259186 0.79930083738792
1.11343350890546 0.148752172514745 0.73947194817054 0.759888729892537
1.32036885886202 0.158809355414655 1.65069966385239 0.732572300897186
0.942007671867313 0.131768590639495 1.25163155341628 0.69499617935337
0.66940538227875 0.143305393227298 0.53970864210232 0.665387991296271
0.890557321469695 0.123145589086958 1.25182459282535 0.868856159744359
1.1727437368943 0.16489616076202 1.29416355350377 0.751551475561801
0.379474506577786 0.166992350001125 1.01549818770561 0.638049380992682
1.37506536261112 0.138734549279755 1.31742109583742 0.909226518519249
0.560552930922185 0.170294951521997 1.41140153020259 0.763052236416004
1.46758870010793 0.146381595040021 1.14591465053437 0.620872692282731
1.24548390310739 0.160128810498444 1.86426829138051 0.642005857692596
1.14077270236016 0.120199568901568 1.46605159992595 0.711833624610046
0.878253107676394 0.149761599041419 1.16461307017819 0.621891475983916
1.18511417307091 0.127274361790765 0.817263250828159 0.560612905190366
0.70016417790658 0.127266806558591 0.760211025365507 0.603494977401976
0.258929775931105 0.158841163805885 1.281180589853 0.738888908640434
1.07057592047507 0.131865728855313 1.04988489527813 0.799867712287919
0.62260975005701 0.134474211572813 1.06779265279841 0.662071129323841
0.770776117455176 0.143536747902037 0.899898360959744 0.720869773900274
-0.185097398384944 0.174268910145781 0.36296957941244 0.681541326793444
0.42919369662901 0.128506991474651 1.00063263645894 0.631462452006253
0.795119118422743 0.112846524975602 1.44750741703044 0.746821577742464
0.963395805043824 0.125308192936815 1.24453995865452 0.713401932636971
0.500977768085828 0.143457905000269 1.42008411399399 0.72380967684028
0.996368466719185 0.126140315817749 1.23556710498687 0.585051201385383
0.907106013533674 0.130849174443307 1.17000209312079 0.761219969273703
0.957017890988019 0.14752918882511 0.71045714202512 0.625318905094078
1.56665178552752 0.158969951278033 1.20335302779379 0.743474366456486
0.887495643270262 0.146921514454964 1.40397008601719 0.67430197015215
0.744080149267912 0.16849833145519 1.24652020019503 0.64890295882459
1.32476274954565 0.138225474924808 0.872081055204804 0.618173008281692
1.20505539147933 0.132989469512088 1.49097129688921 0.671275781819079
0.395806320677678 0.125445960329399 0.733215412719372 0.764980481930908
1.34142406886956 0.124549611201526 0.949752139634794 0.643711420403791
0.883325540778389 0.164332946075303 1.23172127313721 0.836302633763934
0.567044936938936 0.144243404637352 0.605884539467474 0.599867484008287
1.0570106749519 0.133226092040371 1.03999450240998 0.732026993676827
1.44062298079311 0.133931709030667 1.09689406889197 0.566720766395114
1.65777255443749 0.141585983419868 0.0806945091830679 0.74948197625323
1.43331068998168 0.117585542345467 0.725387964616031 0.729972837794949
0.967771987476979 0.139193622323982 1.31824378891379 0.769412243809317
1.43238853472516 0.155546832138267 1.25779857880046 0.645057042631053
1.68127044212441 0.15272750423118 1.27214926252239 0.47539251223488
1.27787196277979 0.127925625679591 1.37225313363347 0.629394257805953
0.77828365772591 0.158493651168716 1.26785238974639 0.727798490928741
0.385496401530532 0.151093135337733 0.840177353702715 0.626780807171555
0.988719615895361 0.114266886171966 0.539000694412028 0.686495803765152
0.998815578477764 0.15630631940034 1.01391226852446 0.725895858034817
1.00678010606583 0.146484672426878 0.630711815132441 0.868407624585312
0.883912779396836 0.157735417591742 1.11063006983395 0.65113685282135
0.391293461405893 0.141585106289693 0.788341297956311 0.646572558455803
1.74745003205143 0.153541921404409 0.751471994509675 0.716578506493936
1.54136592371052 0.13751885675177 1.36480064874353 0.731123633477296
0.678133290438232 0.122243050759369 0.671123285435184 0.518378172555815
1.63567789993037 0.161412906605452 1.02713980642512 0.721206015315619
0.963658005816327 0.135652176982087 1.37011244497702 0.62283395089497
0.759807756656563 0.166934008508649 1.62886524807273 0.73208762415972
0.846140134342731 0.127576789652657 1.25358622069289 0.729377654580777
1.31320432189883 0.121620842064907 1.61596203562933 0.768927212224622
0.982183286887016 0.14776578904569 1.2891114136818 0.791193655799916
0.808408506854509 0.132261467657588 1.12265564742822 0.697132435354531
0.77506264877787 0.142543118599669 0.787554304324346 0.726740744159152
1.25065904157685 0.129339338101685 1.15757717367462 0.778381453913903
0.663010629798186 0.156178966083007 1.05332369060543 0.722338822220349
1.29801982141731 0.139973864361003 1.52427094738164 0.73552191445754
1.08197497618544 0.116704711690599 1.31803531077484 0.760292687634695
0.639499261561651 0.119603492183757 0.889995937318095 0.624384424994007
0.531727891672781 0.144133205891781 1.2983472439771 0.823354848243735
0.841362586587315 0.165970055177887 1.08895501187939 0.693865798027999
0.875013622039398 0.14977732629452 1.01655773701429 0.658725064099863
1.39850657395782 0.15856497127849 0.772260099811927 0.773713726501204
0.909511417529939 0.137196593799972 1.33568781818697 0.811995413555005
0.600077130236158 0.136509034934678 0.473394421113931 0.693688480687955
1.97442050291939 0.143718713230701 1.07255715277296 0.746825790461932
0.300334013907939 0.151447209083529 0.403186200340375 0.689449150486554
0.383942323862977 0.144413437768891 0.3279930802267 0.639703020760412
0.667997258240943 0.130421857978686 0.639327094726975 0.853767256804055
1.20573108052489 0.138271405789619 1.29393994858232 0.606561358911822
1.07341738825124 0.137296873654998 1.24687856426569 0.639667970056919
1.17967856991038 0.129724950368618 1.13905361124974 0.692784965276806
0.673748693867693 0.150382528646777 1.06874269523935 0.728493133378465
1.24364611815527 0.12363861701805 1.19737017990071 0.810064467424458
1.56955426876018 0.149113154123083 0.776967808906894 0.513122836455151
0.841293958407101 0.154500529824659 0.820355098830567 0.725388364851217
1.28639643556669 0.1343553231538 0.797567827850061 0.704637489794883
0.631204537286839 0.154404587192527 1.37023121970964 0.608613733947648
1.04594472576361 0.148453102278432 0.543081161195183 0.647078126845091
1.20546223485334 0.129163895104944 1.22038648808167 0.563326247537784
1.49344377703136 0.121619982635748 0.932002997598607 0.754033114407837
0.583854888570804 0.133081560904725 1.46995083375854 0.707056221498685
1.25498033470645 0.131394134606064 0.874137155078174 0.608790975628701
1.10971480745499 0.130343394253376 1.00746733748396 0.805104691500284
0.703588008582008 0.121467451620237 0.433212054772265 0.612447484590914
0.685578093759704 0.149466636677273 0.780849209663913 0.785466340795406
1.07898953915816 0.16111668689058 1.53340689463384 0.684285093806258
1.26282176648612 0.11131631190942 0.722845811555427 0.676824265612635
1.7249462801495 0.16291743831895 1.05317631416529 0.784680668595548
0.813866459940056 0.15392040281199 1.21864125810082 0.598583813796194
0.557601368707944 0.162898454506215 0.730287832051873 0.766868781206192
0.37184726051587 0.140745607247724 0.835946726517935 0.787320113756691
1.55196333710941 0.162604467122275 1.52634135001668 0.7873690149923
1.03350312239002 0.136186510191569 1.1716583748974 0.72416248409374
0.989266829741899 0.131465987129748 0.967077614733217 0.713875222554876
1.32208651593882 0.150368875079666 0.435790494040269 0.569504281411512
0.909414612902705 0.116025988042954 0.986243939454031 0.718416331444085
1.31071797385024 0.143754950213777 0.606969614618319 0.615546672113336
1.28736355146567 0.128965727253663 0.762526277753033 0.716105787120356
0.724964559542066 0.159863441296604 1.81344820876382 0.727098725252461
0.878113164413123 0.13646064598504 0.885594997793518 0.674037678495725
1.64078615658939 0.171255921422848 0.454870064714026 0.741767435779265
0.949058512067082 0.147527115213935 1.13212551167504 0.807317811679033
1.68330133675818 0.15184252707017 1.19698922286844 0.8442528978576
-0.170809701987684 0.190907474915532 0.655796915217048 0.690358958857577
0.929679634879988 0.152640269821516 0.833372865437602 0.70498450009631
0.676869237872193 0.164519883282901 0.640875479382788 0.653101779438636
0.577061936439323 0.151969862903463 0.855300674361939 0.590858335302726
1.16017691381433 0.135247639833925 0.610198018963461 0.745990841627441
0.866438708349953 0.133062061503558 0.457216053887818 0.729423975599244
1.05996066641588 0.143155431889269 0.762455527403939 0.739810029875465
0.980802701784135 0.134455347416531 1.14095006478478 0.645855792138928
0.849348920811345 0.127977978108205 0.992638136678786 0.668864257684729
0.851375218832157 0.150900176366656 0.598181447632444 0.718621902324259
0.68262293960791 0.125826046772591 1.20003154305154 0.608332754831454
0.935239283193182 0.159347863517712 1.01379143343058 0.778765721048575
0.255879481000832 0.165716307432264 0.561866550750142 0.609414341512857
0.968338203890771 0.139504424458367 1.00126984528414 0.675015651982295
0.486011511113336 0.158497370783696 1.433116166335 0.754468553104414
0.858931871608369 0.145593990261864 0.976530678168886 0.701848249187451
