beta_o sd_o beta_r sd_r
1.40114464086744 0.133498863202819 1.98396158282954 1.46452775275886
1.01935969579075 0.11051802423475 1.35034792160746 1.44146457589671
1.13556533177638 0.12087975641697 1.50425461348195 1.34821694723167
1.10117878723573 0.129098237918229 1.27425582512792 1.5741778700412
0.289028203085089 0.160949337406567 1.36609045412331 1.57252525650248
0.746352900607553 0.134436409268951 0.570224264907621 1.41751194371479
1.21493140821586 0.170033714033364 0.975735541596581 1.43936001835096
1.14495941361646 0.150816711222504 1.29620892468475 1.48199009707787
1.48729317186741 0.120272754770995 1.80730272145008 1.13166917577284
0.163533199697857 0.156760656974563 1.69475293832037 1.52344800053565
1.84156791990754 0.153846009994532 0.774728901140908 1.54139399436221
1.32676959835534 0.1275285699521 1.28520598377785 1.36095555503728
0.439205590268863 0.157870964867043 1.8349050129023 1.29226148359752
1.5499356501079 0.135816365190124 1.02501748465124 1.23840661996862
1.28974626958687 0.109863507063844 0.699382790804882 1.44610940270535
0.369630377597032 0.128737825213987 0.911986110650504 1.73049624073569
0.792931656575998 0.116469231688063 -0.67753337299382 1.60471803280842
1.9908505931339 0.159991009782059 1.01617562187288 1.26764500980239
0.981534305869844 0.129947058483265 -0.478252540148778 1.45292054641997
1.27305165842557 0.140989993230637 1.05572520738425 1.20078119688564
0.8623662290479 0.144051314064183 1.07312822679715 1.36707833781192
0.869034261861266 0.127775545726705 1.32801851712705 1.59853894382444
1.47941537535966 0.138258934788055 1.12724873372606 1.40872815709749
0.711736743170136 0.108108391170719 1.27046834650963 1.29660524136601
0.909378055478154 0.186637933652123 1.83864905638593 1.1947037123038
1.19537332978508 0.146700116480074 1.76043135311082 1.40603122119782
0.929284746047396 0.152334996621542 1.46910895724758 1.38502276404286
1.12859953622846 0.14360056115977 0.436771771449217 1.39748615372821
1.26772056255548 0.142057664126827 1.53609213205003 1.60310011447091
0.674885421214217 0.138507790721791 1.13597413052712 1.16310625229775
0.93145254192452 0.151857581082269 0.642030801736927 1.3066833252581
1.37454549809307 0.142375302577021 1.48438337101996 1.03742490054864
0.523628711642197 0.138581856956603 0.774576153667185 1.29073787406857
0.991968292017598 0.123385793258804 1.29585856972168 1.42480725945215
1.66110737713262 0.162491544697501 0.875461596947054 1.50867784025629
0.895606610309845 0.151624868355878 1.56368074555966 1.12398033913011
0.990225034910875 0.140555650503319 1.00238701838346 1.54386473359897
0.613315885933755 0.139874061154315 0.8148469934232 1.38417623466007
1.17544807210641 0.141877019019486 1.18478371345512 1.44378319975874
0.717503979192222 0.126713213630183 0.355102700300505 1.22445468620984
0.951907566686053 0.141472055509186 -0.366185748389978 1.40127959798928
0.692015724550748 0.137364906086984 1.17797867024153 1.5515722082502
0.818474953154516 0.118436991312352 0.43591164996228 1.42036273555757
0.514633873177778 0.174117138117848 0.674119718878044 1.20247787785081
0.80038659240683 0.139939068938547 0.772090055321723 1.10792131184162
0.631854545894369 0.178654438100788 0.61059931380509 1.30197754820318
1.30857252431903 0.149551816938893 1.0382890720378 1.49491801604759
1.19347398263018 0.145503675268945 2.61038280423752 1.44810038036821
0.658002797697405 0.13928791617993 1.22449976393554 1.43365297447483
0.765522520154621 0.139569824874701 1.18462611170768 1.25270750697712
1.13628658274629 0.134544736514136 1.81042608876194 1.40337291415296
1.17513971699186 0.121251390650681 1.20788245832183 1.30152083077654
0.986347272782527 0.148005460243764 0.96627278167055 1.74995754343012
0.818612159080165 0.12853708299182 0.977730753566763 1.11524658725195
1.43158188926765 0.113608542665618 0.595959030159423 1.03318527077664
1.23453710586403 0.164269500415376 0.985751364251714 1.48437886915472
1.03199994586141 0.116029378596398 0.610291991945632 1.55447769660122
1.14027089390728 0.131666221892842 -0.280534313714404 1.57734364529307
1.13120285654654 0.153574998309009 0.4617287281365 1.34574691348594
0.11992191257288 0.168450643502856 0.40318170006189 1.43482331055034
1.13762976137229 0.164053866397636 0.809076092074046 1.45532902530133
0.902761778040816 0.151012551533105 0.311487302206126 1.61197208333476
0.531188569524098 0.144992300029475 1.80099622112605 1.39554869836193
1.08317392831778 0.11605092280664 1.72087396719151 1.37663447158663
1.00707352090166 0.153506590102873 0.800944342739777 1.36193506785516
1.32744268922077 0.143928755576489 0.950395821955672 1.49369377658036
1.41697126806393 0.148106445467127 -0.201162668086505 1.52699855303873
1.12733568523179 0.124712750957011 -0.306263080707813 1.27914416403261
0.552900255488231 0.134389398300909 0.692313937638277 1.31457289264161
1.06701646320174 0.143449438357105 1.84773440304601 1.47671458740444
0.707135189558758 0.10156476116168 0.660389389834343 1.54914672214372
1.0313153532283 0.146571047933398 0.374554687048412 1.37448247033774
0.960951619517955 0.120681583762359 1.93009536898235 1.35434486196081
1.09863578909159 0.125744110424425 0.802186753789444 1.74822550658938
1.03424822043152 0.158368782748591 1.95867363520292 1.4728447967167
1.19144283606072 0.151242017095145 0.694433584526064 1.34280503850868
0.630448322437078 0.134244395502815 1.5842403663696 1.26810685228872
1.09690153855043 0.145924150433105 0.396646809983079 1.21561687164363
1.36347276093764 0.145585490156997 1.01088634200029 1.52850514744827
2.05959798935631 0.186411508352415 1.19120304731146 1.69233160936775
0.777396132891688 0.108680649585328 1.0844278495455 1.53436398836645
0.528053005196138 0.158384886821574 0.919768534540507 1.47711357341568
1.41969132082988 0.132965331642821 0.883082025198523 1.24441216066825
0.855896741822395 0.129989881473636 0.748306643033436 1.30843285885518
1.60602114220993 0.142829434664402 0.612494030572303 1.62037585124347
1.16163428995987 0.129085730153988 1.21864907718001 1.69522280136287
1.2204086046332 0.126733563612153 0.227867701154777 1.56702203572039
1.4364843386433 0.136406904163509 0.258510292594278 1.46528824281008
1.21655553227337 0.158355363323411 0.865390683867319 1.47809065965657
0.818567439875436 0.14547023322906 0.529432810037454 1.56191647387277
1.08745790222312 0.131443911258176 0.700667046119134 1.31130810860229
1.61271454159972 0.160347239350828 2.19749036917979 1.43152256665389
1.43810203225765 0.143730468989307 0.854195484400937 1.32320898467931
0.58947245234399 0.161930783204669 0.661089916229043 1.42123918414387
1.41854247082 0.136089172250968 0.858628580547967 1.45363275820892
0.906241106810657 0.151677916995546 1.32297591602106 1.35794342659697
1.16028127529826 0.123228530545222 1.28344894327865 1.6990874331057
0.919089307220611 0.136732541276013 1.58724908436892 1.59992252295106
0.814037131253539 0.145038856163867 0.223868257757279 1.59575634780523
1.14603900767806 0.149009773779736 0.763053161764244 1.26341660570969
0.964534114580072 0.129102083640608 1.36550303117793 1.39955450872232
1.0407197192753 0.168487121549788 0.634289611979834 1.49600747098034
1.94787715441376 0.157706591066749 1.17568123015304 1.60298968493474
1.49169117771185 0.150188854647888 1.02670231389165 1.62185991680111
0.952667450099764 0.137362722923535 2.45611471202914 1.28457886387751
1.50950586801295 0.128578058979873 -0.16030665573966 1.50669051224715
1.15329119117606 0.124802171217913 0.814550439272806 1.36011953337527
1.17891234861292 0.129275314777786 0.923341198049393 1.5321350930075
1.17644399469273 0.179224423881683 1.44456343034901 1.34869970849226
1.08098439154676 0.137662459341954 1.16352652063725 1.39978915937733
0.434371462894904 0.122491797654434 1.07653731077875 1.48544000343162
-0.302655056908508 0.175460060052436 0.448879286388711 1.48211045351511
0.702252268242629 0.142759604708644 0.510504457008796 1.44377977838784
1.13559189803774 0.131787587235163 2.15923378196329 1.63491901168641
1.15006969537781 0.132168347309545 0.856867706703992 1.2403172531532
1.23561705839979 0.145089085125681 1.31634617579813 1.34149680363961
1.35417318031665 0.145520808375624 1.95791267199228 1.44337147622689
0.690524574616173 0.131984480650666 0.546427570445164 1.71678808237347
0.732751010441104 0.140683911746914 0.311496883725044 1.32719425116092
2.04437626009263 0.188908127028247 0.0877012966311116 1.64261912505311
0.737813977376787 0.132254693546707 1.21732277035141 1.4538938773665
0.869477424648539 0.131108232972497 1.0919618220466 1.22991258431165
0.705759019561909 0.13421504734499 0.422280349365598 1.20457524638585
1.71849440836209 0.144645842700372 0.000588357198023162 1.38357960254399
1.22618523459282 0.130769211313663 0.899230598340317 1.42079540690429
1.48047614779659 0.148881953493592 1.55198051179272 1.25156815385642
0.860008284974792 0.129643847239832 2.08455231103991 1.658353261226
0.715745285877801 0.141393145495378 1.47698568634158 1.53712311238971
2.09947190117561 0.148591010840195 1.23939930326378 1.75777479848365
1.12626135254242 0.151012523609505 1.19280175777559 1.30465451803638
0.922685324871323 0.16743666960915 0.951135793259205 1.27514543313823
0.422562539348274 0.15192458742371 1.72441656164791 1.27690041955573
1.57881954132618 0.174342051968427 0.193785838207968 1.47410820481426
0.561062955833022 0.156073474228061 -0.990089661191633 1.41419785978489
0.349214068704357 0.171534089936194 1.59007054109741 1.21259316505915
1.02439648307226 0.147371150575713 1.22256267818632 1.3245427666371
1.05718892186182 0.134236035273926 1.17575313351042 1.11701011305191
1.24262932961481 0.129443392347228 1.02408063424683 1.35540223708089
0.642649439522418 0.156739136115832 0.36747412543535 1.27413321207067
0.719107046181515 0.163480838271782 1.36507193307052 1.64343457322036
0.798819959777789 0.17098837596045 0.668428734905532 1.32922615070478
1.1645465011983 0.127912512786482 0.583079660220888 1.1700266855673
0.684281662287729 0.148847815670437 1.89793505899539 1.34204765804406
1.37041071466837 0.158439745306133 1.62854559276828 1.22656549494796
1.40088956209112 0.122196465738347 0.750916905230537 1.29189354283721
0.888168964957224 0.153321434463593 1.25311145950799 1.17507742008011
0.857144370734998 0.149457525921494 0.857076848010789 1.41312074616092
0.696353735182642 0.160922517854908 1.99384095754517 1.52674549677091
1.25186213002015 0.123471982618665 0.545727881707629 1.43538396121838
0.51891728086383 0.149182076253719 0.602290939175478 1.24748226431748
0.543864158197357 0.123116215369368 1.44036360599848 1.38806177011818
1.35636157001322 0.162151722537717 0.307338677810431 1.25608640309353
1.06661580960747 0.135920577220765 2.06372925406234 1.15160148742007
0.321732489153877 0.16338590745926 1.14837240811227 1.22333216443648
1.15962368618318 0.141954980027259 0.165242306603939 1.42216677061063
1.22809065663275 0.152311846332625 0.355755934831152 1.48245638055317
1.0837689024842 0.153803451398199 0.154734722095712 1.50056480820582
0.555825676006658 0.123751742778224 0.841893916587217 1.33277824151648
1.73745899770805 0.166574207961256 1.06229081367432 1.45060933893745
0.928957654116117 0.107919303146434 1.74840115321418 1.52921461937951
0.767579959091354 0.144628332188493 1.21851314584825 1.29373487146084
0.383831781403941 0.144706534660867 1.09730602411908 1.35847092088383
1.40641699519477 0.149089777349906 1.48008896605304 1.34331119904214
0.979180813836931 0.131031436410865 1.23410922625203 1.33982020918151
1.09337551497977 0.116280453949483 -0.35631856275976 1.43641992889717
1.32798127099974 0.163417880478467 0.580022607269277 1.5663513896327
1.34424347457644 0.169265488390509 0.312894456111927 1.66997448479523
0.26013031421137 0.132220601148407 1.60595502121454 1.33359171569858
0.825435480005614 0.137053909960979 0.936740017743643 1.73159605709912
0.702505779367506 0.140846810349047 1.13577035921619 1.31738298067978
1.36054431421663 0.123305150816539 1.15423340726418 1.18681318583559
0.808402565761132 0.136192392599235 1.71712717564128 1.36976134924835
0.730632769638 0.129731326376828 1.06658441376517 1.264074740448
1.36082280369782 0.128385891808978 0.250737969346039 1.5284548203778
1.28023555574578 0.13016963066607 0.574254231585518 1.56623469806223
0.573087924817293 0.152978641966987 0.781332050893982 1.47199812164502
0.374635195076973 0.16089513427386 0.848604901978172 1.41582583605801
1.35960746398802 0.160109963502214 1.64157610382665 1.47978816287341
1.05563391922646 0.150084384644638 1.34406679107282 1.61916809233395
0.85771745685495 0.114340780792237 1.53186114874215 1.45730008524336
1.05463226039201 0.147812614602518 0.231491674111563 1.20688431524927
0.724887375225655 0.172840624244787 1.72335097811835 1.57099177827721
1.01858590966704 0.132401663941963 0.976831374897285 1.21644715721387
0.983291139095591 0.140038543025862 -0.1426596029942 1.28316914497159
0.741228140747238 0.179764832410382 0.0817049985732074 1.3371128549057
1.2829119436436 0.155151947401449 0.925081802646443 1.32048376546264
1.00641969153404 0.141777274929415 0.479048695709371 1.45111143988134
0.485131752096052 0.182862356967454 1.79955095410822 1.64993933751137
1.12454085626771 0.152806381882232 1.93834187787294 1.24925096102554
0.844332105145273 0.183804819002521 0.611937116282704 1.45694993691468
0.902244986070367 0.129872473915585 1.69428333331685 1.23527087448756
1.68576125287253 0.148855114894804 1.2661700649603 1.47025994598898
0.843048519504471 0.138494224368897 0.826832743812645 1.32540805959345
1.1195662492552 0.134040301951404 1.7724982666304 1.40615353218806
0.687425944150931 0.178420557833976 1.55174115346654 1.21383901953095
0.766480775122223 0.14339383365353 1.32308795786423 1.17246218696286
0.612649348106716 0.137844603202192 1.98769088391003 1.29916124623744
1.50116368716147 0.166618457416032 1.35231515481614 1.50931726443032
1.33560076707654 0.11257783441394 1.30688207219024 1.10594287810322
1.07159387382079 0.140165739187426 -0.65652037285236 1.40254631578978
0.696715665682025 0.138219726931088 0.609321448426435 1.42399093215641
0.664510620800019 0.151885758689445 1.26061816644913 1.30388501562386
1.20684838943323 0.126987697953147 1.18635560043598 1.29680491567047
0.614080871222239 0.119983820793751 0.921918868918361 1.18502310339795
1.53681567812803 0.160561243585363 1.07313763287368 1.38761689955694
1.287612150586 0.173337678342171 1.4799709039594 1.49198263499433
0.887341965846001 0.177979371411247 0.93456425837161 1.10204467004686
1.3922776735519 0.154861460963538 1.66174127087326 1.43077046841868
1.25172657387511 0.158935083232492 1.68293266852149 1.35783564700836
0.658693816402414 0.111015031849879 1.01338265045755 1.31431161847579
0.294962826297179 0.126526729685866 0.40181020204858 1.25485610548781
1.5472515667736 0.134294594665744 0.767300984518257 1.45813243954672
0.955272262883984 0.154904494764773 2.1719869217392 1.5606920848362
1.36043670288303 0.138879530674217 0.865819325797093 1.49315754080617
0.682627614195929 0.131931155619031 0.699086742095888 1.44563606116562
1.14190431697434 0.123361054928119 0.82086301465611 1.38774005842603
1.22318196307331 0.144360575978683 1.50589334980689 1.46043610727751
0.972957219102576 0.125218629227795 0.709304603539001 1.28838899193458
1.38994156554275 0.172754322571397 2.05468111102494 1.21554153474062
0.976369563096035 0.149078303170298 0.994383510681983 1.27172241621714
1.34385335630419 0.133619380792479 0.0671020260992542 1.59830887150328
1.28735101659517 0.136204727231645 0.880530563072378 1.26745931342978
0.622404780670444 0.138894990797787 0.996837592952401 1.1753291751687
1.56072095108458 0.148840477534472 1.20476936545392 1.29909951617108
1.37711633162812 0.140804795970747 1.34374188752057 1.46197246346686
0.713888601149112 0.136218944425991 1.1800231789343 1.16342676605255
0.425577901136197 0.152696826150052 -0.520408222898232 1.70480503788595
0.955125910481065 0.157320673857436 1.03319753310785 1.37207096817227
0.92573962813335 0.129708066358987 0.794499597306187 1.62459512736149
1.02573703855379 0.128971236218637 0.558782397731214 1.3745400510097
1.22356194654641 0.164715607296876 0.932656326391195 1.15626475263982
0.685262508757609 0.110334983209188 0.97864834812364 1.60548038994367
1.48178586071825 0.136378542774318 1.86328981120081 1.43282876062005
0.732693443552404 0.140103842084408 0.915777132343234 1.21130779028227
1.00267421355115 0.163560332574335 1.03673600496532 1.23599653251419
1.03623569684304 0.141172271827588 1.27269246375485 1.32825639850234
1.38004248923645 0.149100122807091 0.348013132690746 1.45907927803823
0.851364395420943 0.114679856081231 0.412500703769084 1.36737876996659
1.42076515799294 0.142259023647583 0.727787156475568 1.48482911216766
0.732052510887194 0.173307160138279 0.105012388670417 1.44467110151183
0.541436693771863 0.124063946546556 1.66888544711283 1.38506775120112
0.701014892609952 0.130404144061571 0.951312263351467 1.59428009113084
1.12980752214536 0.133201942303583 0.3446221789783 1.61714202073804
-0.122874995833494 0.209607928920698 1.56187816021237 1.37698888253269
0.947935329643949 0.152739183743311 1.66735732081846 1.51772236220892
1.02693956579513 0.163124878538133 0.58445113947211 1.28463799716794
0.952193242589766 0.130404223211288 1.17453190348378 1.44725993501264
1.36701083359145 0.127441518258003 0.552619047359142 1.4830194034326
0.239118359580426 0.170907902454066 0.686605898112646 1.24494611380396
0.435461491085003 0.1382315477932 1.41427022792046 1.55652201424935
0.860566386240176 0.165667942524734 1.62606049744058 1.51599395857302
0.695447584903967 0.111017575125824 0.376312696683818 1.18030144657297
1.08520573149233 0.155541452640554 0.28149948846728 1.28285601827501
0.985001223547448 0.130885078383777 1.59465829522953 1.59761857444107
1.47041042348431 0.158232974769543 1.96504817844341 1.02923470284923
0.523404685518797 0.151921897320797 2.226482699808 1.86877499187638
1.1005816378291 0.110512431264965 0.510597589305486 1.4285207609381
1.1614507676463 0.137558030096167 1.99950195520403 1.51458603037893
1.56797139688824 0.132739232857949 1.20695454008439 1.24209508223549
1.18736158869607 0.141892661010194 1.66490312572371 1.14753331383007
1.19598693556046 0.158732908520514 2.16184553129955 1.40328743939255
1.23301495387581 0.140810183538228 0.728284237071773 1.42046983792292
0.781160072397025 0.166834124581937 1.91947280390324 1.39465761808125
0.629371589276298 0.136104730525669 0.598328492280123 1.23211164801589
1.64773380106141 0.165376743219868 2.26029497856664 1.32397000269789
1.08653315428679 0.153831519734854 1.64290745050217 1.21148527001113
0.527765544868431 0.156134914630755 1.04738352225797 1.37277634559642
1.65265418901321 0.150152518776853 1.30481333414979 1.28283163944918
0.746012420108393 0.134081953267285 0.363439035242176 1.46233008961
1.57511099787568 0.142405274677309 1.44202941350804 1.08174801701485
1.57377679854649 0.136992765796471 1.82813151529473 1.49955409738896
0.916106080370264 0.134333374945286 0.694076747029052 1.25324014996494
0.241273528764093 0.16133330025935 1.11504818240043 1.17799712608099
1.45353527390097 0.139207676500073 0.116520994996849 1.48984645766195
1.56973436605818 0.146710958959173 1.38485114858963 1.18517408923767
0.971046347698577 0.134744298201395 0.7868006795496 1.20076826957441
1.20148029777355 0.136487746017028 2.78089347163965 1.33491325941209
0.780349268314915 0.164411127419185 -0.213051721522108 1.67847535110619
1.60972386790493 0.137435668477032 1.74945072514141 1.48416028897258
1.05279260325934 0.145274325575911 0.134874668985088 1.29903980582062
1.16016829316917 0.122476142685648 1.02343544882424 1.25743863719626
0.638993908496938 0.15737299317551 1.47993686849589 1.37801383852073
1.25554721179001 0.0958985935539996 -0.197714634383662 1.46786544142219
0.734997149364235 0.154427520770499 0.0304891258068034 1.2389277792939
0.83990224854665 0.154273847877967 -0.312737728880928 1.64021779688579
1.51725809136095 0.121842974693974 1.03528429681846 1.20835271414775
1.22969054472589 0.174415022688584 1.51726143724583 1.47133420385602
0.872829257342553 0.132867811064867 2.4994481008323 1.37443337576339
1.49292469486049 0.163524094785509 0.341520066834749 1.05744196206853
0.388920808925137 0.154276004161519 1.58138913671003 1.4895927672751
1.62870579673457 0.163314504598999 0.688985995288791 1.52865945507639
1.34812836002115 0.123846030746284 0.592985776356133 1.39645586094799
0.546115787784594 0.15287777347265 1.27108775721554 1.51995008410994
1.54662258109858 0.181124911061308 2.17048854722162 1.27273140373713
1.11845225736729 0.134403990479183 1.6143290682349 1.19139127776582
1.23935181044111 0.128815939027269 0.319342306957857 1.48438926396002
0.993169136998019 0.156260014307384 -0.543462999630631 1.30838505711263
0.639709271652934 0.156900276269055 0.781445867073239 1.41346116495604
1.10776405674198 0.132430437692207 0.413653789754541 1.2719313731526
0.763130942086062 0.13845235319831 1.57790186256844 1.46639946158764
1.29206150304048 0.164330392685946 0.993386165371897 1.44650455921706
0.765634441923926 0.14056470978466 1.39260622654534 1.45839102017543
1.09027975222634 0.155366249652027 2.28130777226923 1.56208644835171
0.542694780039714 0.136208988332079 1.2124517650292 1.51378435746592
1.44168763762734 0.13230090782503 0.500975995241335 1.75331434536568
1.53331478059564 0.135741829280846 1.85851096069038 1.37705354170337
1.25876500224364 0.104531829189442 1.18597180443966 1.35674345403114
0.446904380669428 0.144637234690537 0.826216183588364 1.29943504955704
1.15369433274741 0.142582027851831 1.12620299412537 1.27455129110662
1.14625913180113 0.166091941372819 -0.233785392614916 1.33343126421258
1.53346644317205 0.146386889302378 0.446562644928939 1.74476375898177
0.87832972470816 0.131238520208349 1.83891418933577 1.24559181727992
0.752151320036737 0.145477324205873 0.610340286566584 1.14308375558487
1.99569282375688 0.179809697665476 1.6696213775251 1.40895002509371
1.12416870862305 0.14328300481413 2.04190867695686 1.46137096669223
1.599071385494 0.155793911042566 1.22566625410097 1.22679386053469
1.10819070454021 0.119859231783848 1.45886758565253 1.42766514346983
0.743734522753489 0.142456169298401 -0.0240977797874771 1.3054475233646
0.907580877196643 0.152080673923621 1.16556752868854 1.57908273372278
0.751291077759019 0.160397855632759 1.2281551072749 1.49142573649505
0.843757914021553 0.157251807696897 0.553820134187313 1.36213818339178
0.969027023286347 0.153776561175551 1.76344044319931 1.19589488582178
1.70475146724337 0.15343821345607 0.243860642481111 1.47370214486431
0.770678701298304 0.115466327079008 0.837855440124972 1.32487941613789
0.481467406347441 0.128849844936577 0.700651389117712 1.18625815456862
0.700411714201735 0.149115716213075 -0.732123995188088 1.58102663670537
1.51223531315978 0.144960559090337 0.152225591561953 1.41984025533295
1.18933021141164 0.113643665506049 1.81098804966751 1.29284701748972
1.1309931629352 0.140952809819435 1.5909249064643 1.57012687540058
0.948242475939318 0.136287687490972 1.61719861699931 1.43714687645088
0.603003297803133 0.137216824734692 1.05085305420948 1.13658410680289
0.572191113462909 0.107731144363208 0.51938487558047 1.48337742009441
1.19553432661291 0.143126113398408 1.34387751984972 1.52060925146877
1.42752716126324 0.156100816164489 0.724429905953878 1.12221284826888
0.9054311096853 0.145260688986255 1.9980879466559 1.40375480730466
1.74200824668621 0.152773059142451 1.20097612565698 1.36227839419269
0.758323409918034 0.180843015436889 0.94030816710854 1.54133347884961
0.844842334732881 0.132516578016378 0.13839713126013 1.41356286535669
1.07706711498786 0.164949460753998 0.959343092749874 1.14220591259774
1.02548637307469 0.132388494522392 0.560848601563636 1.63773099536441
0.658628947670501 0.139165577552141 0.996327902120617 1.45375149680634
0.666779956955588 0.126682124875583 1.17713446346968 1.20522139574928
1.54299051984746 0.140808889601008 1.45317110103612 1.43899912392938
0.998552289285987 0.146828323091218 0.797333041136164 1.26295720161767
0.839897076148882 0.127398327563277 0.0419949360262306 1.62092624651308
0.484400151418738 0.168873520368959 1.12639300569062 1.25471705267965
1.31411463771111 0.15055743675611 1.15692508021491 1.41463323445965
1.16378894722423 0.130968897789548 1.97099995950109 1.53712211078638
1.23421541973222 0.142031264824069 2.9019180011049 1.75059900809761
0.816250223081865 0.124991095562337 0.208827295783883 1.27107563769214
0.762102813168652 0.131967914389014 1.33778292919423 1.74096798023395
0.859580863322125 0.157564291742869 0.22940108166727 1.43785301963586
1.34047745247233 0.16391355854839 1.58994699696181 1.39406790160276
1.09859720647317 0.153058938365501 0.794630078736147 0.998251521608789
0.832191061668504 0.128909987422664 0.783443418974766 1.3007040215464
1.6711316689001 0.156585937090155 0.893237367323909 1.43414239437645
0.987764492514747 0.152678439064591 2.44428723312842 1.4229869563313
0.878512563223988 0.176549175531472 0.513955059311081 1.52464436823785
1.16642661514935 0.138438735358212 0.78549559959263 1.57534118365401
0.7862024865011 0.133197072040217 1.15824109421849 1.2672347929651
0.88421154528215 0.156381180934872 1.40177376995762 1.63780147575722
1.40188975066512 0.150570258958618 0.622166136722791 1.543796134479
1.0904251231282 0.136209560027883 1.43354593636652 1.17463793003963
0.823633619884858 0.17103878987653 0.876809166701914 1.59346745092053
1.51151022025359 0.156124569541179 -0.00702577983631822 1.32744698437562
1.06792030386423 0.136917792489213 1.86343666083418 1.63649405031607
1.04794153481299 0.180996079207613 0.40484833935662 1.51544857541043
0.536642087041672 0.132978588309733 1.33153618908166 1.52576136949371
1.09791767643449 0.145556448571057 1.00615508690628 1.41292154492152
0.616922824269105 0.165555540263313 2.91112280470834 1.56057958713071
0.936403952867373 0.121328978791972 2.23627062877429 1.24913427667653
1.10743266488917 0.144191355552308 1.83908459486056 1.27079314576317
1.07228218143414 0.138930829000127 0.326465363607069 1.4829843980163
1.07707515438539 0.128684826098336 1.55427899938354 1.36570111649784
0.863936446409871 0.130794373511543 0.72856622575388 1.32305540339113
0.940181232553817 0.135954156995561 2.14143196124606 1.37146243632042
1.78476374805144 0.137858906275855 0.95758924430184 1.29553080132864
0.887398234164263 0.129238459579493 2.57789499455493 1.6512998123057
0.820609551159057 0.137506948900289 0.631072807090528 1.51606449626697
1.56038450408703 0.155261293624296 1.30960997517491 1.11028617906939
1.63288375790793 0.158835088360801 0.0383440168378146 1.22815896577729
1.17464445511564 0.145093207937536 0.330774571482507 1.4576634652179
1.26254022227816 0.140083846426286 0.214800000258765 1.39359266764151
0.981937286572604 0.0975761511880343 1.1657619086305 1.42272972275008
0.681668178472177 0.137890468996674 0.685588884856396 1.32774285623502
1.32495335028551 0.155280140034634 1.7426244794969 1.25515981151213
0.625015085837225 0.123969531365896 1.066214375333 1.52839214327053
1.30591557770342 0.120546511502211 0.139890433232692 1.75186605374983
0.892954749595789 0.133081981046984 0.796675863967285 1.6551327830095
0.664457467659053 0.161567954188434 1.50168435872794 1.49600460895884
0.567809682116333 0.137944938921237 0.570390509891628 1.40181012945602
0.397771524655859 0.170063629002593 -0.0244901590323011 1.54950366437251
0.19093660550078 0.17443096299505 2.0670851844881 1.15379089539654
0.438466210968677 0.157924684600759 1.07510819456026 1.09586467021406
1.04454641135426 0.167540759585455 -0.817193270716376 1.21869122489541
0.950898175964423 0.128697529360678 1.97815918392619 1.50180056152277
0.717708196171507 0.134864565133489 0.61987123010539 1.19490278604544
1.46357915691297 0.153252296814045 0.549307573870719 1.52333772540191
1.11878057140395 0.143222815765445 1.3567608004693 1.41986252114377
0.518881370662901 0.148519706077573 -0.192895906304424 1.30061686114608
0.743573350551707 0.164558811640263 2.02982434489747 1.31698709902172
1.12743473347923 0.10289698569775 1.70550566622005 1.08211558046894
1.14326997358456 0.163719572998173 0.372750956761041 1.48792810609136
0.560517060722229 0.136391685582834 1.3736216937762 1.32572344858748
1.10100549614673 0.140814173483447 1.80514908649938 1.6775585135255
0.843839555444495 0.128238107931756 0.111459588107994 1.46306810800341
1.24464954399037 0.145649066654842 1.19451987373707 1.55851692897638
1.36313571840055 0.153530306638114 2.08205892723139 1.4155589278958
0.969002250518319 0.133762476295901 1.73343461823364 1.26017814589256
0.389955097017361 0.138415394784836 -0.0502918135319498 1.29312612436886
1.65520994377395 0.13882742093143 0.536321499965784 1.20295747548595
0.46454531405345 0.127166208062282 0.734387245218893 1.40156461043783
1.33409361975247 0.135263443139191 0.457512150976422 1.72363011208773
1.34014184927838 0.15387212754458 2.67317055367321 1.67823058362616
1.23604420408478 0.114914939506178 1.25669379153414 1.35891651910285
0.747455000327741 0.145928715188778 0.547682938395664 1.31774879360999
0.918316389861469 0.133001795526333 1.18108157754282 1.48844142428858
1.05947301412462 0.154624677651936 0.918706415941233 1.12910658610543
1.60193693379185 0.122109746019933 1.03526139897725 1.09027832446415
1.16614540013199 0.130645219427935 1.03217602000745 1.19159440758054
1.07882608692323 0.143656359436742 1.30658489934495 1.68314988036701
1.28093968984542 0.135351358938584 0.850808770282488 1.4015064425122
0.974261288246749 0.188902987213157 0.332119373809628 1.20292727145762
0.93544226521423 0.120165181311054 1.47479869128469 1.2319381314067
0.821578312195848 0.143496566290422 1.52384438346261 1.27398695078712
0.798526659694136 0.125297245144638 1.58401737528411 1.13687329297182
0.847533973873714 0.13808004634384 0.135826867532484 1.41701000343036
1.00275688248243 0.125021153453195 0.726790062967813 1.32767569786204
1.31753573087566 0.130220118837098 0.361088622367961 1.40964045089328
1.03360469169455 0.160323910631824 1.67665312203012 1.61494895486097
1.3516890302298 0.123335147532209 2.06642612745121 1.38924756368284
0.927204710947704 0.148303407660004 1.04031790187624 1.3045501490208
1.64714469764474 0.157213095581941 0.325852644198566 1.49719585215509
0.880791001138347 0.145833180026406 2.06293708840133 1.4860295251349
0.917080085981878 0.153325416557013 1.64318613891875 1.5102077560357
1.01281346567698 0.168275825591777 0.880826940309497 1.4739139031789
0.438705517482945 0.158194843238089 0.472556495465228 1.27603726074852
1.23222200748646 0.147734757544098 0.181185275688849 1.49405552096517
0.919229129611283 0.145840605262802 0.351573559141319 1.24680443692438
0.271044505795901 0.17828791060974 1.3392552048579 1.32688301893978
0.575177832174118 0.152320422450636 1.22491195871779 1.31083990777571
0.699701902634553 0.132028607654688 1.68122228283469 1.63256600202236
-0.0800167087359959 0.15212657421083 0.599320015856509 1.49224832336547
1.11569022896621 0.126986928711221 -0.0573703721987443 1.26741509943466
0.551765287637339 0.139246527604876 0.6839914882867 1.41327237253049
0.841249335852754 0.158331783202096 -0.147771878644659 1.42359572402141
0.658364697029008 0.126623353381455 1.19889820892089 1.44908373546993
1.03370462310798 0.126959778056546 0.711202650474402 1.44525559213595
1.6659152841884 0.139948172369435 0.955277753854348 1.5209763492483
0.661859192043236 0.125532427612295 0.763723227494468 1.58290606869546
1.03907047806701 0.148221172819626 0.880700468864142 1.45582118292572
1.01630758595063 0.133781669687562 0.677650217340274 1.2520404496509
0.766186573994744 0.113473531800852 2.07120468922727 1.47770077322238
1.0094475079475 0.164589567716241 0.804492393340533 1.16485818417866
0.74271307409831 0.132108764520075 1.31328252814691 1.40937365499846
1.433261898727 0.155371506110573 1.32738214023014 1.40323252128877
1.12402134393753 0.131825464729888 -0.128696444377182 1.11381001154387
1.15177969351986 0.148173626679087 -0.175506770608254 1.45703336582731
0.680941090555685 0.126281745614141 2.35574279481259 1.28003751580252
0.457634539968241 0.185438616476782 0.438832979855089 1.53432712507398
0.713961903636391 0.13009454098138 0.811910119855968 1.03936161189061
1.56265395331122 0.155731745072588 0.51818716899627 1.54909869240512
0.87850141911639 0.140867531503453 -0.296372762787582 1.50197450516828
1.20364337901594 0.151348909109097 0.707665045372625 1.14256516849587
1.2893456502557 0.144235629448807 2.10321854838431 1.49288980877536
0.810994886061367 0.141495830030243 1.17798409429109 1.24769509585121
0.919179396918931 0.125665825517674 1.07946618178816 1.30200902668122
0.764927849917141 0.130149399053982 1.64813282376681 1.39553391656739
1.11715116152151 0.183453877733119 0.619978090808273 1.35513126738172
2.15469589220173 0.172014954791487 0.675501196350502 1.25563449383573
0.498330547893961 0.155754047471228 1.04520465460702 1.32774347116402
0.866329620353889 0.135845681262678 1.26374925652612 1.47360010528252
1.11341659674227 0.159329291146662 0.508754799929902 1.35575822602957
0.816983133343491 0.144602976785728 1.44623639735339 1.52452023681826
0.910723794664009 0.154053530386691 0.551758015407116 1.34578949038888
0.371678252935528 0.151597583630644 1.77158140618978 1.28022572673624
1.41981127757783 0.143599144567184 0.541529907414752 1.26589082912883
0.681136550053334 0.147441716442995 -0.178161367318944 1.64182362660984
0.456551760034616 0.172920658231765 1.29462675797147 1.29801807613495
1.50234516861225 0.162083898692938 1.35587685575214 1.24294511916478
1.18946131239591 0.111001677683622 1.61230312817754 1.18885108907475
1.57330055450663 0.169346471822477 0.451613367491378 1.25190954541545
-0.0297528339462255 0.182668861862538 1.35876340111675 1.30516271106166
0.583737841141967 0.116189948023564 -0.0159891119485283 1.68258450093647
0.876820394905698 0.150354439826945 -0.21770887831587 1.52283953679186
0.522654656622663 0.172781919459769 1.00996595997583 1.5527528556849
0.962785437994547 0.12706700983436 0.440350466755975 1.3747512549137
0.805649195479406 0.14148060604038 0.969174918268033 1.51201464566091
0.882046576479283 0.16586590974014 0.752579694502353 1.2950537832839
1.50863019790765 0.145774301695928 1.66457689423616 1.37284278756527
0.981793818460067 0.15811305664744 0.0245033688900375 1.45733769543332
1.14050210338249 0.162384304961127 0.888953622379513 1.48326186341066
1.34486596377552 0.123258700344789 1.65461722748673 1.35930766117347
1.01401231911772 0.106343034098942 0.420235240440645 1.30048248280518
1.32288843194811 0.149753826974146 1.1302843145057 1.22668457214289
1.13700146131901 0.132645637275356 0.889127876093675 1.29410499556802
1.01142918290622 0.104586409126327 1.11423277555502 1.48433401167346
0.59825594913282 0.159554650678396 0.435675271694024 1.24302464208071
1.15575572362679 0.133950272563181 0.468455670735831 1.42073842003741
1.19733542422126 0.131418906578338 0.813993193554005 1.15518561148755
1.09495784800361 0.133745203187973 0.843349721166334 1.44043159554921
0.888513082978863 0.162910358077312 0.924229287466845 1.22036998888334
0.837177419590202 0.137313646757238 1.45370133732384 1.42818176126163
1.96003339447893 0.152518843564504 0.936910314084636 1.3692561705279
1.51214200149644 0.152811707411437 1.4446072472745 1.49742930635871
0.674032610829836 0.11650996704376 0.69116883849505 1.68311556938672
0.975523317801592 0.14787969493513 1.29453745008225 0.901978882763277
0.55044848936963 0.134610367803808 1.51067954984654 1.12517710057366
1.28572824077263 0.111836938770595 1.20192746642308 1.231228574854
0.806054053589692 0.182846124375944 0.291794800091149 1.46479994453516
1.12863204869974 0.132870662085948 0.739776104385466 1.43127250089353
1.15456011163401 0.166813522045307 0.423763464659866 1.34879584097659
1.07338854409315 0.130131964323225 -0.324472008402388 1.34337300617335
0.468446416196942 0.151345574824211 0.861084404276929 1.38072805361705
1.48549510878957 0.113830820886781 0.163136585964035 1.25673227748257
1.57620874411396 0.141936503048074 0.544389876414363 1.58114417447211
0.725407604824362 0.159093775495136 1.11836181286213 1.60119473772503
1.25712140423546 0.138863373281599 1.33509959013805 1.14970933950656
1.40942554531688 0.135469462564895 0.836273491107932 1.34703834645629
1.18951520699565 0.172898699237453 1.73294798384514 1.43420150343939
0.704758093618935 0.151686046581796 1.42687361150489 1.54067770909482
1.86453465188083 0.17072638623531 1.03236652318636 1.20623264857633
1.08640653197338 0.110739070249279 1.9476677413421 1.61949378568226
0.871334266323107 0.122281919309005 1.14501344440521 1.58043679439665
1.24594657951729 0.130000933047059 1.3205892793431 1.36051063025766
0.556054809070938 0.148238405479178 1.90819751857477 1.4961059483514
1.15179873430669 0.118693358131744 2.14385539267582 1.22970399019375
0.580235063325148 0.170001154471999 1.42549486007939 1.48251132732362
1.11494333066533 0.170594520207098 0.812857784450052 1.70168923124005
1.261916224872 0.13011559085136 0.733388879498198 1.20572673901491
1.14443720032399 0.129207039708082 0.791287536395477 1.28092679754868
0.589517255351532 0.142994767182376 0.344336280152457 1.40560638129328
0.738229199581104 0.145023000628007 0.689635404026772 1.59862424372123
0.870069340474292 0.16684504434382 1.89533229474728 1.43761364164942
1.35347472557053 0.16021938428855 1.15651351269773 1.44971155922157
1.16117990058682 0.126772249782036 0.704418245833565 1.27401225357906
0.677421534069004 0.122533504034043 0.843164381733153 1.60469388314898
1.07258766705673 0.172388794963873 2.0942241264806 1.49710870592204
1.11257990967896 0.133174014564562 1.17188637589245 1.23848557132931
0.784977057546637 0.159393982963019 2.13683862261885 1.44553390055709
1.50144251933097 0.164387515021262 1.09556350434382 1.32868584335788
0.283201501994982 0.163645013661003 1.87717493319125 1.41235891004988
1.66718659876296 0.148549952158906 1.30784032761305 1.18703907320956
0.92778010001373 0.147283459753871 1.22095022538489 1.21606705794042
0.953861577943423 0.154397461907151 0.641673775720241 1.30269831051079
0.831574763617512 0.13400874951728 1.59953402747665 1.46713871286216
1.02234269730502 0.154777862971263 0.994942715388714 1.62287437867109
1.16792937860049 0.135736105151899 0.634189860072978 1.470275850503
0.251252884886754 0.129695073267797 1.98052581369638 1.24700886528151
1.72631601453154 0.150405363309289 2.31653712593793 1.61432651533043
1.32449924058679 0.130651135739383 0.472977335191634 1.35923720363592
0.122864400074272 0.18828277280949 1.91041545860063 1.55995215791372
1.49831915279641 0.12457208033409 0.453173918018962 1.37087208842855
1.22858856281674 0.160070539006023 0.298617152101428 1.40613110331789
1.62068351082443 0.16289058578292 1.58522375409187 1.28844015756966
0.899050635995897 0.15975582329202 0.891880452971102 1.35254212196818
1.24017127680973 0.140952000743695 1.22323886132278 1.43104601074256
1.02681519229803 0.132993917489398 0.998104012362734 1.40144377190342
1.27252057175305 0.124152602381291 0.886853049256066 1.30628255557046
0.422602487314808 0.183179090842115 1.18188408361326 1.50633492087182
0.481464852043354 0.181875036974275 0.963914797258219 1.34565481759301
1.19629705006976 0.109596493290616 0.65991230950608 1.49310022599497
0.579396175418857 0.167471593714065 1.07581353767026 1.28744107382424
1.51754892493754 0.174374396610708 -0.0935283899296549 1.15489799725961
1.15617843318098 0.190612621268786 1.4972802822665 1.59559579145651
1.43701258311442 0.153186487391696 2.64632343344686 1.56120775583607
1.19701025023087 0.131958333512187 2.24972405267651 1.34404702669215
1.22186942993598 0.13501898320669 0.768940615389638 1.35036176587476
0.696008027667343 0.155074647320982 1.45989862760722 1.24531390008582
1.60656827171403 0.154306698759337 0.508206727910908 1.38354013437786
1.62394801714609 0.16668499938033 1.18030840344358 1.4748838105102
1.47636517570065 0.150623424602943 1.58048808573418 1.5100670478611
0.713237724915129 0.133022277033714 1.59387119116524 1.58037987453647
0.938598423972683 0.134011402813675 1.57755293763291 1.37361078427472
0.763804109174988 0.134898370523405 0.859985504134715 1.06389658166982
1.24647143195658 0.175780409107385 1.42004523931094 1.57919399072048
1.03426063977609 0.151275737989315 1.71658260262433 1.54206670714862
0.798926580920142 0.134041867905995 0.94086859378281 1.50164134356179
0.810386748246504 0.140778258417729 0.280289182603019 1.69976042404657
1.32146634001289 0.153477517198019 1.319146000289 1.51266250799789
0.79064136700871 0.159851720052957 1.86473074657301 1.39470397856452
0.75932554574093 0.12216846840444 2.32338004297151 1.60628055873231
1.36428146946745 0.142712402963031 1.02244344170919 1.4855814368636
0.608011191424025 0.141065695289309 0.558798195844367 1.34440252495877
0.455678139115633 0.125624863617526 2.2150689821636 1.53671915323054
1.35744559109585 0.102412685917272 0.815785840627364 1.47002679402222
1.088100236592 0.148077669265249 1.41382701542273 1.35617789119816
1.27166971649616 0.160470400076381 1.60940216526378 1.25213098014689
0.576151266235061 0.138652020835883 0.0803692723674526 1.30569902934767
1.02477333809113 0.132731841685801 0.711731374160146 1.32689578479536
0.633914538678827 0.16543609546917 1.15247180619142 1.46005763722376
1.04519467676566 0.140961458166533 0.568869269990875 1.46176279699883
0.741992598574474 0.12501213239088 1.50598827946272 1.36820985928491
0.995531651038089 0.138671459147065 0.314698070410507 1.49076335244978
1.51216416048224 0.135160602651866 1.29493501800534 1.30786758665777
0.469523530954475 0.148843314147014 0.614186549798902 1.30321215064138
0.66227318778026 0.150223572443378 0.582936696565388 1.39919905763749
0.542641224755398 0.157134211127779 0.780532252268561 1.35152816764223
1.34262961309047 0.166407195853758 0.411952802037722 1.41719314596367
0.48133835566239 0.137611512552621 1.66849954722369 1.56200431659842
0.890489733896587 0.131859394591381 1.37130853097136 1.28891049824089
1.11158880772239 0.136204860858967 1.67048141118676 1.37131856545778
1.3009705071245 0.135785980874762 0.988037870554542 1.06234644145996
0.942888453448958 0.164102105566968 1.31710172873955 1.37433622249217
0.730873894236402 0.141100709186889 0.888930802274113 1.20615736472312
1.50384684355332 0.148833029790542 1.24352214796199 1.61119381595176
0.95586491120474 0.134674490838884 1.41199285870417 1.24882507884051
0.805725067600705 0.151378843016089 0.61437782181209 1.18581086977025
0.983117453143457 0.114096487530145 0.169793815032015 1.30958057921398
0.339391378986632 0.172305507244364 -0.00261806872083256 1.47732686106543
0.728898406008458 0.133409678951769 0.431199497515111 1.2543660345118
0.553959465210974 0.146336351299972 1.38096938913979 1.40920147405105
1.23503012292536 0.135826491719394 1.02940390243893 1.1734789803947
0.954709995386681 0.15786658918863 0.176433623756975 1.1922760893098
1.60157775299413 0.150593462736352 1.43500394208634 1.14511196868734
1.52949296477738 0.12538956900939 0.196639048687791 1.50791738257493
0.666351689984842 0.136211457364688 0.976885424689773 1.26075317128937
0.748338690697706 0.135308835577208 0.91875023263859 1.36892833897712
0.944220124278712 0.161616772324389 1.72754980459068 1.27246656202843
0.553591617101665 0.145250585770667 1.17165148612287 1.42953280878491
0.913731794072559 0.138748621837984 1.87117170979792 1.47369504834356
1.61380119352891 0.163827155465941 1.15010658512828 1.49752592670482
0.232122229789447 0.159378095384091 2.05098300764756 1.31851319516708
1.12946176469796 0.165172576422664 0.854211556024833 1.30478112319085
1.61771002950697 0.14164200302654 0.331482017124742 1.4984875153807
0.962758332948134 0.158221283146914 2.46544869287641 1.36893816311176
1.42181222821028 0.155229105651758 1.05251715013716 1.61156974505467
0.758645426620543 0.145070105740261 0.0994145677730166 1.23238243529599
0.778624736414366 0.145311059857285 0.931948454467954 1.30556528289475
0.63736317490407 0.146378100288001 0.811340420120059 1.14287809236019
0.643695822358924 0.146124385558797 1.92084520244106 1.43590530315832
0.808037324367559 0.137796728352817 1.60733229898632 1.13420950860674
0.903999109728248 0.133970980610012 1.13780624188427 1.49317751722405
0.463733831174056 0.127810321995926 1.41309082230456 1.41593806721802
0.791867100181841 0.158075158395726 1.64181479511995 1.42651876753207
0.897435642760083 0.157966271942374 0.968209849996068 1.43888345443996
0.867813961963141 0.116731946331814 0.458369521695781 1.37320174082503
1.17952686538331 0.155976219942818 1.41339789307423 1.2973501733735
1.07308260448905 0.143051417610154 0.486361958825953 1.19638598086732
0.569722314700987 0.149479238351263 1.05019676129201 1.36205714273385
1.06273773727875 0.139717113150657 -0.163972650512212 1.46304550254099
0.648263865799182 0.150237052749127 1.1564559644617 1.18342493281165
1.53466196786747 0.181825150473963 0.505292649374313 1.36927140134559
0.575308345707752 0.144347239184862 0.925098410257897 1.40822252259803
0.794450568084116 0.160166079015652 0.87449409758701 1.49188075516153
1.41363002408223 0.151974958485435 1.13339432995761 1.28783052485866
1.13824665176087 0.144261184647959 0.499395875531696 1.35493458867647
0.212088150741418 0.151109077044177 1.56668025645771 1.64187402939379
1.65026431276858 0.155325256423548 -0.0990463182703158 1.27745506496461
0.444668949893228 0.113812692836579 0.791587320938214 1.1784966091502
1.73490477412252 0.179396526244984 1.11173615072771 1.40429395660663
1.46511796119605 0.141624770132821 1.21660025207984 1.56355821858536
0.522425514347025 0.12555464588389 1.93358773868076 1.56902793059746
1.16459653322955 0.10998907808942 0.605292891911497 1.18755393935281
1.20112593724527 0.143720696497986 0.992663583438192 1.58200136659828
0.638173917002043 0.162923425946547 1.16067493171687 1.76134122498866
1.56519282013857 0.143838506976483 0.862051936577448 1.24903505157567
0.728611373422357 0.13522281515779 0.360532281271147 1.28431425074211
0.92602483609687 0.130920574615739 1.05910645001143 1.23604761725681
0.703288419268758 0.144765170753654 0.414494212772061 1.25975017611621
1.4463789714288 0.129437757144074 1.22187728796199 1.47939620391551
1.01754734742937 0.12468090253149 0.974622771084622 1.75787264788084
0.479308611495679 0.169282911943028 0.916183745120406 1.48505612183118
1.96280259868542 0.155085270876713 1.39597551639683 1.40865305242721
0.707604397435327 0.139906801630515 1.77120373527307 1.11559040617426
0.729607656916441 0.137845065056005 0.708248723910534 1.75508055986675
1.29612745954973 0.113509655753961 0.97646612706009 1.6355231882804
0.864090145529703 0.149640115578909 1.09074565152356 1.68019541945427
0.946778970186065 0.145748783392882 1.41976206749966 1.33827865918555
0.892450545022106 0.140136470626392 0.846776885941435 1.46049335037207
1.36197408632942 0.154903483162715 1.83637772419298 1.3191249404736
0.56248845061308 0.137281628126939 2.20358064946267 1.55819369007898
0.472777776116615 0.152858244115286 1.52815549089332 1.19443349918265
0.82102881068799 0.13700989134347 0.473291760408365 1.15686651172871
1.22093219314252 0.152592437954477 1.48163613983924 1.38991802149094
0.546292090792119 0.143176600500355 0.711055157023598 1.3067451575473
1.16225413814009 0.127211681962891 0.394337519174975 1.30124105115236
1.18628704195773 0.132745985681133 1.67614449262737 1.48766138677274
1.60690580440292 0.155032296676912 1.4123121988974 1.38366939948484
0.483343516321412 0.1242715247072 1.27169035161161 1.24128697119791
1.39993635202255 0.114286479836739 0.449618388623248 1.57240157251219
0.767358119039199 0.132946377714517 2.19229695825203 1.58017931086068
1.35310437288394 0.120394380540531 0.648505350265413 1.4418715914306
0.688306325874901 0.127860642666836 1.09671916368221 1.27479459884414
0.552189956430788 0.130658758970771 -0.434572833491719 1.67462059026199
0.886274169926075 0.128890555706948 0.436028010866826 1.22157406194768
0.737977412857841 0.127457559701915 2.03404448252179 1.36333102621506
1.27251116307646 0.148618574160787 0.718475711486726 1.41443277471104
0.93282284472907 0.143671160939232 1.20799458703276 1.31793831564096
0.373749152525243 0.138880784515423 0.797916197534987 1.53219768235084
0.854263740949784 0.143359706980866 0.956011352485286 1.44318415777349
0.782500104882382 0.141438131548179 1.76645407673777 1.41215516487543
1.15213780673699 0.157161660373162 1.84143519326214 1.51945498603938
1.21641236990248 0.144327639537537 1.041042455846 1.58412564978072
0.950956696769737 0.149290576274377 2.11937998194101 1.48140477996918
1.439786532444 0.131534954022361 0.736550446538494 1.29587293965008
1.37904765751746 0.136920007057844 1.52619967076854 1.20324622668612
1.24279952043136 0.136455183704118 0.964567281541562 1.31066883905075
0.469015918913028 0.161562375613039 1.61444003807488 0.955677792596152
0.523749084410967 0.165347422762669 0.0865538084649542 1.19837938918413
0.614321476921227 0.110324531399172 1.12085992472236 1.43665367134769
1.34443204037831 0.159805662852258 1.76400001512902 1.42404573816512
1.12339217461089 0.125555487082642 1.066860813635 1.48627773538316
1.27150382944807 0.125590052065926 0.0514929651569739 1.54979938065856
0.73290880906892 0.152002731514711 0.526154033581069 1.28992707319297
0.64123464245442 0.139592015830847 1.18234164816753 1.51025503901999
0.871005990630008 0.173049702457361 0.342280467831311 1.82544801608635
0.695013460706434 0.187766460152517 1.12459904570422 1.43434498492541
0.791676707026015 0.147639892974674 1.33659989775983 1.25831392603716
1.13879897462168 0.133033491133131 0.151654332044895 1.26512799666635
1.51607408491432 0.13504202771316 0.638509157544297 1.37854890644033
1.5513586637829 0.123348642830362 0.248730909312677 1.28644168952942
1.29812449336027 0.154850070957444 1.86593120024405 1.34966993186195
1.14060618377813 0.139469341403991 1.10651419039401 1.58395387986428
0.69691181137098 0.129588547110939 0.842110941269848 1.42056035703218
0.33727505412619 0.153332914911616 0.400799263519673 1.42388876887003
0.94165752890772 0.15864393495649 1.01365415692456 1.28515656489228
0.18044094959628 0.158704026896912 -0.485622713531765 1.37376826366692
0.631519483999914 0.146729486238024 0.221485667223703 1.51411950780118
1.09898886469597 0.144333500421316 1.2013966478639 1.40128357859999
1.30109170209014 0.131822150256604 0.980171876834345 1.5226164958789
1.06610866682146 0.147951051736122 1.67302319339754 1.40733019235281
0.827243449769512 0.144526008533605 1.33295999294401 1.04420491703469
0.667289206358744 0.154879102743128 0.138279137462483 1.3979471626627
1.12728283437702 0.158405690245093 0.968535581289608 1.36869592274967
1.39628871923003 0.131940100576975 1.44890338771493 1.33153096361565
1.22169362591732 0.15521409406976 1.41260646832846 1.47036309932885
0.967897620613233 0.106687511181317 0.184522087158004 1.7592834833041
0.820557606911679 0.132549780318846 0.964934650457266 1.66488193115464
0.72214052949166 0.14132950651199 0.990193559128992 1.37575485262754
1.59825279060568 0.155886249124266 0.67644662909425 1.2647079694874
1.16288594628406 0.156750957423022 2.02761358672437 1.51180958184613
1.4772777643323 0.138454248381577 0.765682310651378 1.27018181153287
1.32980834922229 0.137831679611087 0.33704786716015 1.38017159777826
1.2374347737276 0.154446482559726 0.903577010009465 1.10311034370415
0.685133395454873 0.119938627973156 0.69142686642528 1.37234410586576
1.58927205944254 0.12826893764343 1.73414376197386 1.51605781591155
0.83177105420021 0.15059147660528 0.353149888989016 1.3614283225403
1.75729248666164 0.140917943132245 1.38352932632438 1.39901218081264
0.769668602325662 0.112408253801585 0.64871084519025 1.08547514014177
1.36394965145276 0.12123842773852 0.927800869524872 1.54063908066162
1.40605369377502 0.122072188282023 1.90818356152184 1.93766582192905
2.07673278240422 0.161765553295483 2.02953314175011 1.60578474335428
0.402401219951459 0.160765523022083 0.343067070963383 1.32230917121112
0.283783849242323 0.169329489654302 0.854919123785862 1.51997001588529
1.19648277630979 0.13778348706794 1.62791536019907 1.27899961473001
1.04671958954958 0.12201342859282 0.315405479177608 1.20202599014746
0.191328988757541 0.150478258599249 1.54409167559998 1.42638488552931
1.02848401255801 0.126772313983207 0.812112010073316 1.56940411540793
1.11034497498711 0.170011135819087 1.33491903596425 1.37694598558515
0.350747193933769 0.146002709583768 1.78406744212058 1.11504593763311
0.73814002118846 0.136264382277429 1.84477520612562 1.25752043889476
0.803842671565279 0.150502577261204 1.14073748122548 1.45198113369628
1.12718470642885 0.126751045788914 0.513298904148399 1.15946746489292
1.41309160729133 0.165672317260815 0.966012737869156 1.38574166696848
1.19231349235149 0.118492998834372 0.260772071616821 1.44051260682617
1.03134105606232 0.164804258971626 0.0473663063300462 1.50025695131091
1.46198303709625 0.160132925345041 1.08786349785454 1.09365313453579
0.741705731699885 0.135870259263605 0.695268250467664 1.4808962930841
1.29465928893323 0.156473985072884 2.2912230113816 1.52012953668212
1.05962169357154 0.128366764588083 0.372235696989061 1.3540202008912
0.735139854321767 0.135779612837283 0.772198181942712 1.37078228765919
0.852769390079071 0.142097143548201 0.923028619089312 1.32540347299707
1.26431912641385 0.174152744946946 1.5555041840082 1.15748742055408
0.762820215012123 0.159788360433529 2.36871106839719 1.64867415890093
1.25746189524682 0.126751962617934 0.892655983910722 1.51793688759162
0.195038603621795 0.171341479273644 1.87424064664815 1.15874463047317
1.36833329064519 0.152726195503995 0.759561720209518 1.58351448247087
0.770810980280767 0.164243871144866 1.86197498647329 1.57975158707181
1.48022217190849 0.162856419683911 0.416565703674689 1.60392361543211
1.12440378049655 0.126198679852718 2.10422885506671 1.45015541563707
1.77833620847155 0.165007984426551 1.39791914586917 1.25800697398811
0.621993207254536 0.151751903285729 0.527667501260169 1.56022023689389
1.14744307879035 0.119759335912163 0.27226928969926 1.3166959273062
1.15983605698038 0.163212617285394 -0.202258075326684 1.25168745599846
1.29683913498 0.129440362988695 1.28407060893975 1.50394625625862
1.0224916418777 0.159181851083062 1.16613084410658 1.22699484067332
0.876519903742599 0.107805864310596 1.02530983203626 1.40179661463468
0.0887770071867579 0.160881319832661 0.947016360001509 1.5874218849237
0.118002707651118 0.192252998738 1.47667963551878 1.44733920396495
0.708951510753991 0.127544226785748 1.26501180406586 1.32292405627124
1.00676022687455 0.136235314286402 0.35120287054735 1.36405623119877
1.2351741131238 0.142673304144377 1.12537013809316 1.3958749819376
0.840186404684581 0.141893088547294 0.550956050408701 1.60076817135503
1.10304118990156 0.168894518025896 -0.135856096176425 1.6630982307137
0.718663362267613 0.118499602498638 0.678944105293333 1.13315517766414
0.671825945763601 0.165260910113155 0.149043854743964 1.494920673776
1.25275872687195 0.14125673900058 1.23341479904983 1.20444113941093
0.391126553146562 0.138613233917128 2.02601425674189 1.41611516120774
1.0512174219339 0.17737505128572 1.39769552325071 1.37576215256422
1.24422409095038 0.152011151453613 1.6988047181327 1.20163921629731
0.556961223646045 0.134171772421594 0.606148842509745 1.61814932116743
0.804381811865064 0.148611872090333 1.95381189853877 1.72281036860508
0.559495305508849 0.146877969259958 1.22924549641275 1.38066004301692
1.32992187183099 0.139885165388632 1.38156165676087 1.53727570025419
0.926270188623458 0.185945852252536 0.700169437670635 1.47721742462373
0.393375431052478 0.154707285508123 1.13333347473537 1.33744748523647
0.66083393878685 0.143596249575833 1.28253072553115 1.43167759863992
1.27476499888577 0.147975272350389 0.617693961998009 1.40291087263449
1.44129529088218 0.148005361806501 1.59563732741543 1.48598282368622
1.50209968172729 0.159263662757814 1.28240644427864 1.22162930987375
0.627611496586609 0.139576501510915 1.5426088440327 1.58842828623655
0.629538173709688 0.119740668317181 2.07516084621196 1.43003300188052
0.668045373353573 0.141186235081781 0.84293475809005 1.64832972907823
1.01373263546208 0.126862754283253 1.08480108298725 1.52609932854325
0.762530833866458 0.15943618224735 -0.081482718091801 1.53426811377986
1.53484904140908 0.150085048529061 1.53549039347891 1.58394238229948
0.75484292857404 0.133938123063304 0.125144212557418 1.14883078238457
0.67232965142993 0.146044566302457 0.667762714138256 1.27073884500837
0.936172426064185 0.200139719298736 0.0654184518460505 1.46971786182154
1.20366762836314 0.127898992885225 1.97827411093026 1.25143081606445
1.00546949723039 0.14474566404139 0.833959411634954 1.30070672702625
0.60265067508961 0.14345411307522 1.15750460892234 1.16702898572058
0.967265844535875 0.146981253923611 1.2772760266194 1.43480395292261
0.888404452136502 0.117935192414909 0.891436692641696 1.45977024856417
0.247428455672289 0.146310155193649 0.407061640447072 1.41121517880843
1.35295578855449 0.117408518247387 1.55472056193324 1.36629155084875
1.48771688559939 0.146370590251738 0.72132711421774 1.12932100219159
0.901657045701373 0.167794352506784 0.986887443789394 1.19829925904894
0.467909528391903 0.138440284360862 0.677000989791155 1.42232734986337
0.923330080892761 0.137421537592801 1.28032707792064 1.34328570461664
1.08011859583232 0.159279476810431 0.331475154284247 1.13300974321413
0.844726470320658 0.144987754886565 0.797439836636857 1.49913247506418
0.392746702367316 0.154665758209197 1.40656158959255 1.45498864787611
0.485672316180704 0.165038689496437 0.706310407843326 1.4980044518722
0.579986381032356 0.163962974772215 1.72886065363426 1.14565332578496
1.22407987190613 0.158409596254981 0.182787388075185 1.4177797580177
1.02049706738568 0.143959291503328 1.90168733728271 1.55513698487015
1.17074409326395 0.125326961888442 2.03354953589315 1.64318613510281
1.00528827950823 0.166030112751394 1.09656834946169 1.37556139154962
1.16803448621592 0.126190695859598 1.57821789387316 1.24302963025861
0.992175633287793 0.130020076961762 0.688015697591666 1.50980289912584
1.08956668025542 0.135653516486172 0.254043633331853 1.37788459137318
0.6531416552387 0.175580837117075 1.76561793024316 1.64698093787735
0.69718538153777 0.139284131909298 0.831771231969149 1.36165457097827
1.2107116872707 0.151253074188746 0.959078284314427 1.55160702866203
1.55576612201044 0.131802675236398 0.11521916447942 1.32708297275789
1.19677478430495 0.140911004762977 0.982135137642524 1.36709188738314
0.586242092778912 0.141281179629545 1.19526146594754 1.2768898604339
1.44345420888845 0.15319990867726 2.01938290466957 1.5225662238709
1.40348600955566 0.154957040983306 0.718939315949962 1.44624189284497
0.253244236884718 0.16280521127039 1.57415258538763 1.48814093620147
1.14911878467421 0.154714945553642 1.22765949880059 1.66175598130723
1.12373459583078 0.128717337821648 1.28914465462651 1.26442255396618
1.5266677155948 0.133571825630666 -0.611896873530005 1.66650527178207
0.484143655831774 0.191526001174293 1.0633006611482 1.37990839377239
0.705904157024323 0.134811289663184 1.86040524502492 1.38781235220768
1.02718298317357 0.155508197235916 -0.133478979534754 1.33047953667977
1.28601070905651 0.121044983579297 0.916530675423042 1.56599434670074
1.59402915705158 0.150502990355143 1.5870953520219 1.36207472992124
1.03742836351643 0.11734914192654 1.07368051061694 1.60744936021975
1.11286973402422 0.13299655887147 -0.574185471477007 1.28978145622731
1.07126600935511 0.171767085316995 1.16904066206041 1.38008944697703
0.191256052519693 0.145458499782815 1.1626827309739 1.52382384886179
0.940666075834218 0.140244590034282 1.32355309138856 1.44126495609335
1.47182732550981 0.148023067513435 1.04131769864072 1.68843025253108
1.4780796431792 0.151903139032783 0.687659515116955 1.28562583922453
1.5014648960772 0.117111736967935 1.53768784333778 1.45341352854933
1.35138963928726 0.120856372885896 1.05675572507527 1.62010571230376
0.582556466785213 0.13443054805863 1.02211419875249 1.359838195102
1.2265765758963 0.0919521099047422 0.508950083689459 1.53247195327936
1.32237093073436 0.156664629462338 1.09332050465219 1.34337919744419
1.00126362334283 0.153412386598177 1.43660564864447 1.49472158706478
-0.00303331629996626 0.179422831190544 1.63973319966504 1.58114159084057
1.15377823834424 0.131373882678291 1.15864587757419 1.32672102746475
0.713425468697291 0.120712753864951 0.318773371475585 1.62373541875521
0.609469440194468 0.163260371033658 1.57565459383499 1.33032314652071
1.20188720026412 0.159724906059828 -0.339445612033348 1.35415795876395
0.82373877931793 0.159836965836577 1.18156303533602 1.26363114860853
1.08404378237573 0.13862866267046 1.66338274315423 1.67023166919677
0.848840268798971 0.149727495038359 0.183722142533067 1.31238279909699
0.641421852604124 0.10418332247114 0.911329609414204 1.53043563477248
1.98793035283569 0.180608953895648 -0.119622901039292 1.34291548305505
0.983038956541104 0.138585799050909 -0.414140126449604 1.68002498656589
0.975123196366504 0.143507097454792 1.03118744033533 1.28407956822761
1.39233224796752 0.129662982829899 1.36075754779401 1.57561411005164
1.65538852784892 0.133310426889474 0.95815552709209 1.31620348790649
0.620659341882678 0.120128552498479 0.752433282152059 1.29976974678101
0.88969905737834 0.145710186965631 0.967410748166679 1.23809298423188
1.12031114430278 0.138672198603004 1.28614511975704 1.4522254581374
0.900013529379633 0.150851895016345 1.19657171368874 1.17787639684499
1.64810344093117 0.130069631513667 2.01110819357707 1.52021510312898
0.591972616542609 0.140617092431781 0.508846574043165 1.48516553290569
1.14854162102199 0.138702886075985 0.3748134078785 1.5064088014581
0.591535359433497 0.1756410115258 0.513065104949814 1.32913520296919
1.19585378580869 0.122086149292173 1.31864772022858 1.32812893301468
1.28218333504185 0.14467182108856 -0.107384863826408 1.63587621520355
0.759007053657951 0.139978599559018 1.00425743054672 1.38915567969259
1.06338783201302 0.148985805625903 1.0826350963639 1.48892935313559
0.705798583386366 0.133576935810516 0.299092211819236 1.2736695110686
1.0350924968658 0.139034556122731 0.959384484473504 1.48575736208738
0.994282178166226 0.154089785326445 0.127575551835377 1.7282321627025
0.526179601068283 0.153477964963715 1.49178229629881 1.17908837898209
1.09821110099038 0.159241454080969 1.45917019234347 1.24766837056463
0.806472532219766 0.113696560913886 0.339460659802465 1.25448789235655
0.801277442275928 0.141832966385752 0.952432596157361 1.51355293715365
0.496653998997946 0.147380054860936 0.557826816691934 1.09975917507433
1.92807312738778 0.171872327815611 0.988745172964124 1.31659200242966
0.627651362611966 0.140526080557398 0.704948202925109 1.8312911214982
1.21125104369131 0.147464448046879 0.735599807689864 1.39316981677956
1.18660361806719 0.13060238318633 0.654053202454022 1.46368077748397
1.38453210925906 0.115021712278138 -0.0476361364417929 1.41023661524578
0.538127804784599 0.147298747262954 2.21450380941187 1.41727645681719
0.111558278878443 0.175729163476576 0.628354954027248 1.49876643015484
0.898748642791199 0.144194522973965 2.14555623193606 1.44275598612435
1.37957335741626 0.124446323790649 0.333691594795455 1.61202529211431
0.5992496443441 0.131080199742678 1.66216952078918 1.62808215915479
1.13633663168256 0.137874492346663 0.685504032708142 1.2541334701327
1.10785665758892 0.123266680798632 1.41665153969294 1.35998567434995
1.01517508089346 0.129907118763117 0.478895733806522 1.38061280776944
0.705466650389864 0.145379555661843 1.35608065066071 1.64422883510247
1.10382188533254 0.136683786804527 0.392686968564421 1.26740705409384
0.627344377183378 0.143080306285059 0.517313188700098 1.29684011201795
1.35629095821453 0.150434371921876 1.22249518366413 1.40615756197398
0.783106369350821 0.171541156309725 1.78740055421506 1.37572063381548
0.724107271594401 0.146341775191406 0.566873730770466 1.23312112479518
1.19315563593495 0.146088915360201 1.24037857889125 1.64656248877103
1.2901640079984 0.121356250921898 0.0543173998429872 1.45790455278796
0.993991566293272 0.131061356273553 0.860143563342182 1.44454399961734
1.03850585360897 0.133554028112059 0.0254740614618502 1.73908655061833
0.647595889746596 0.148775153549834 0.641449208299432 1.40652098871409
0.860759648382671 0.133753241260608 2.52364342099652 1.42107795934648
1.01949188750951 0.154474717043732 1.2312829284238 1.27800539643394
0.901860473375515 0.115930857335241 1.65666259087412 1.50441158003097
1.49535640350277 0.12757339769607 0.237410188625714 1.3143331618554
0.804584684574728 0.129193211580712 0.388323580435126 1.27154346799344
0.514272712035121 0.145359859245438 2.04347010815378 1.37849762419748
1.00257643237369 0.127462099403696 1.30935814840729 1.35534295089777
1.43010909626208 0.129490424975781 0.86023402600492 1.48014088361843
0.789002531794166 0.143330221311989 1.36946698035009 1.53580571522274
1.22687643088438 0.155647102795144 1.53295307455628 1.60785287111333
0.449892905163311 0.177694795157472 0.066761706828813 1.31290932043856
0.650255054648915 0.146629534183897 1.37439609187389 1.2866857173187
1.7851757445757 0.154674973704363 0.976467895407791 1.31935561749951
1.22485448806086 0.131820686068788 0.800091125818324 1.58066631823887
1.39342050668769 0.154117659607437 1.64035547166224 1.57580904247099
0.487496184851304 0.148096862271235 1.19588130806084 1.59149305494005
0.803707243577947 0.147139811979196 1.27679513662482 1.28591646732774
0.902704875212407 0.1457165377669 1.16737316602785 1.30316798657463
1.51015151610508 0.154666874871204 1.23048315336368 1.48662216363746
1.35713558054129 0.145531333859676 0.648065210299988 1.66286896987639
1.27716938585866 0.112046606769102 0.0593807449901916 1.49855087890978
0.954258071669459 0.13586953533686 1.40606507671954 1.3589266208832
0.953756243557327 0.116141145514779 1.74616445433213 1.32698049838998
0.907157075260191 0.157137136634764 1.56551482346058 1.25439222275817
1.16530096919256 0.127198330405894 0.331517417501218 1.51508754844029
0.832223520772079 0.125260842663611 1.86257114627333 1.29425691173324
1.71547671777719 0.166608204466084 0.649032647209546 1.12277733368556
1.13102388240565 0.151961859147487 0.235167305783762 1.33768387762095
0.729933858015224 0.142431674484029 1.76172685003636 1.49227658633367
1.18296667624762 0.13125188076979 2.32792932304945 1.33677674088348
0.971805201844177 0.159012783992431 1.19014821438797 1.51506720980061
1.50336809156939 0.158771210369536 0.356905201169444 1.38517497408879
1.1156194408707 0.133191980110822 1.84922921930583 1.22933670829659
0.966064042658558 0.127983107628707 0.248872963245913 1.03605846439175
0.744352116756379 0.13326203309462 1.80355784092484 1.23228763018795
1.38632704092339 0.158176997841791 0.035699295015091 1.41379756092172
0.825501771631417 0.165720985748776 0.854955468277501 1.50476530266426
1.44201738058199 0.143350324060152 1.01623333039221 1.4393229922411
1.02899739128113 0.138810602292415 1.1300631295989 1.25229548659488
0.953814247929111 0.11283296556305 1.56156672551303 1.40849461636334
0.809893598993311 0.129322844493232 2.79783717240025 1.68702234129053
0.524704218334194 0.108271627281909 0.426307455590356 1.35258635854454
1.00622026340784 0.11340372213664 0.386227335997375 1.78047469851129
1.33743757300801 0.148851347810919 0.54247616085555 1.15507665689593
0.459752684066419 0.170215085975964 1.07726606778902 1.47270584156746
0.731568434867133 0.132624186707366 2.09143283509791 1.24537046935951
1.06533308768853 0.139722281585439 0.730719130586172 1.38987679917426
0.723094574442759 0.156095302431915 1.89137963827753 1.34896503607614
1.25610028993598 0.159664686559388 1.02527268605199 1.15346604758674
1.09385626314556 0.137942381404112 0.850270881140864 1.52325349278118
0.895837088876111 0.158662693217953 1.01040356503941 1.28409897649839
0.679441526032047 0.161747812292723 0.730330365992402 1.31028829102822
0.887940629152294 0.118127614136312 0.284902647682656 1.40741825045939
0.957393943319913 0.134670084587496 0.0655156165402178 1.22649915815299
0.997472236480098 0.147637892090606 1.45791781272511 1.36935102912746
0.571164635525971 0.135480568197032 0.793801519817549 1.52320794541035
1.04084721879152 0.157595994970879 0.524405512343593 1.39946269568262
0.72704490670407 0.141924828116562 -0.342803405697224 1.32646376144287
1.38621798938493 0.140819739387901 1.18361574038705 0.974910929811577
1.62530141425992 0.16713493585377 0.845347356571422 1.19918204371696
0.606064309923082 0.143414466577116 0.77341420828418 1.22487595307835
0.969841103203716 0.116371328243838 0.973251502833745 1.28872139584014
1.35829457194314 0.157560407493133 1.1890131867575 1.64705229132535
1.5498930723001 0.143455724418906 1.18754703109824 1.58174676376822
0.262252799053981 0.188823486114095 1.14287738481967 1.23278960371062
1.64320794853101 0.147169219398536 1.68235652901948 1.75059426596125
0.62185963189917 0.105469206394814 1.15172898404398 1.38178100426933
0.864603180137339 0.131128516143934 0.877345351297819 1.22299718268261
0.887222607162353 0.121426360305369 0.924544703974164 1.2025331820474
1.29972812685899 0.141122092781975 1.17565201491589 1.36747187963566
1.1863994586871 0.129213699067043 1.6488688654363 1.5493064323042
1.07983577985409 0.151942291349039 1.13156771920754 1.07917966274206
1.40329064710424 0.13071270451777 1.72486361962679 1.326007436843
1.132281796933 0.111775340246504 0.112998052425399 1.77789984807191
1.0057797621669 0.154215683875018 1.01411652061749 1.11174921781905
0.617756405543361 0.137195325811642 0.566835099938114 1.48875735599907
0.730766053057296 0.140032232286333 1.22874641049073 1.42654801708455
1.36877470082073 0.130601676348393 1.00601114217517 1.404766945871
0.841959335869085 0.127448125670087 0.394679818495432 1.35002932582844
