beta_o sd_o beta_r sd_r
0.79578963087543 0.168659097111464 1.15511892151552 0.276855455334326
0.918619939369301 0.114143793569783 1.15385057760004 0.307983398812988
1.55335064964597 0.166473868112077 0.863825723408968 0.292267141361807
1.00717467197672 0.131724334302833 0.85389814778796 0.314818329470296
1.101180751001 0.142771073921274 0.942422253769681 0.300920549584544
1.62877444965869 0.154572606811358 0.987795901271918 0.271562624757541
1.18722096818751 0.094153655112441 0.828766422378219 0.30787528482867
0.554824720955389 0.136986483715114 1.07749433759374 0.334733512453019
0.727025189187111 0.162869663196647 1.18097712013087 0.29111791078845
0.844482245336907 0.134963723508183 0.91813408329933 0.216022698490269
1.39623309722908 0.141707458897092 1.0228082740377 0.297248791821778
1.01203568865323 0.141629797880247 0.890281425343392 0.249245501275424
1.08692308502699 0.134116458038409 1.00465063610342 0.265748538512932
1.00940101160181 0.115310123296261 0.848293826150502 0.224217528670744
0.781324793627509 0.134135213157113 0.915008978650839 0.328603161796733
1.64914724705401 0.16781264325584 1.02836933678601 0.287366259436278
1.29233868108705 0.152353991159297 1.10238645119736 0.312345252319023
0.363123775620588 0.186142247405339 1.15030858500676 0.303401598481836
1.33121147649448 0.128974268575036 1.05353444921627 0.238392418525482
0.819237574408085 0.134017045465482 0.992617398660384 0.273363512663067
0.607315457203233 0.14052727070504 0.902171477774908 0.294450983419599
0.992469185483054 0.164816174444134 1.11038346419203 0.22038353188188
0.653023238991988 0.154093225306407 1.05521098441624 0.276732766892135
0.862776268663282 0.159919153245997 0.878967052349498 0.271130258317097
0.785985706263136 0.147695512993524 0.722703130186179 0.316873209609003
0.433394466354424 0.144865811030022 0.960761425609669 0.253403854997663
1.23938530085358 0.125185428805006 1.05918691036385 0.263844703588008
1.13345960180568 0.101091775007602 0.858209222888969 0.248250959265488
0.572915821692263 0.152864095479908 1.09779892791941 0.268303483383722
1.51480487007497 0.113454441475204 0.853721818644561 0.328201933331373
1.09269000925467 0.137354912419627 0.991076130747518 0.300276586002564
0.958909436058206 0.118886346959199 1.0310996694955 0.306647628993159
1.37054675041362 0.136537845231607 0.85599364759717 0.26734001509927
1.25732482966149 0.131215455688074 1.2171187525174 0.282856610019266
1.21557540960031 0.161326094461666 0.995097264033656 0.261827773877485
1.33756091874212 0.148754415941242 0.950768429732108 0.263590696590368
1.17834435616881 0.113854044316041 1.1870192240626 0.33665629481027
0.961985448542119 0.138349831780445 1.09138021887652 0.224987949391336
0.857315212993763 0.152205517815353 1.13503521665776 0.266194923601259
0.821777597370102 0.129045697376765 0.906797781592973 0.278169465498001
0.846023184592789 0.162788093016173 1.09027773559374 0.288327300613139
0.886938336864819 0.119766782109412 1.07383393358804 0.26697640656704
0.571919805416978 0.147797678533414 0.855296869199956 0.265560265771155
1.69222945711428 0.170914224384175 1.05687917587338 0.299185703151532
1.46124192053204 0.123031936969511 0.869023229316202 0.289049297600658
0.623149482652474 0.164844443929376 1.26123277333445 0.309000353741958
0.812877247515647 0.141211611840131 0.948352489073304 0.214116603759903
0.800609790368277 0.135805581807867 0.88014119084978 0.257101484312271
1.45738626597245 0.133949923409613 1.11602567278928 0.249034246966384
0.954141112190197 0.171137822809063 1.14220928576031 0.309275196332719
0.97227565016799 0.154280977717401 0.948670903802163 0.322536158970068
1.00818637870363 0.156111419522325 1.17551793330762 0.256445949591763
0.9673398823855 0.130977893154726 0.981465798717994 0.2804598188608
1.54604438415119 0.113869812032904 1.16521487860812 0.278236673461423
0.956492179829214 0.13938768260305 0.918892413543338 0.246759230910915
1.48129649879742 0.144845298113909 0.910809325665022 0.278139189341063
0.349036291315225 0.156221801449167 0.889390575609561 0.307641962499611
1.24004194556636 0.157704907663935 1.09420428522058 0.251325669347779
1.08145112766965 0.12058364428902 1.07939804202209 0.249513440269867
1.05071195041952 0.113070742220987 0.91346665471564 0.237401078373695
1.09943288575274 0.149772864080335 1.01423336502814 0.286871081166742
0.766347465924664 0.140395932153376 0.932799230792828 0.226266614425142
0.911791522600933 0.146809864502267 0.835893981205286 0.271641158855544
0.665569497028746 0.159679661273467 1.00018823437148 0.225405165520335
0.596698814522203 0.152848253834241 0.998333189017164 0.252553499705586
1.0978021654404 0.152408447563038 0.810012773515356 0.288511606087336
1.16257988675006 0.125424740686775 0.921925311207769 0.28773987484346
0.992438897350117 0.122626593333972 1.14693069764008 0.280499836025967
1.38716180736367 0.127856466140341 1.13352497749821 0.296631947491272
1.71434254419235 0.144091600116332 1.01768997989082 0.294856261816658
0.871224814055923 0.114762081173711 0.968753643306011 0.27586841540215
0.0582322156213755 0.152193975002991 1.06260896556216 0.223511918526093
1.40652359570487 0.135139465608856 1.04193727656896 0.30435262946382
0.796412899122809 0.136419827059407 1.09543139845144 0.262951407640344
0.635231695510585 0.179501076613699 0.862410543691977 0.319860362872471
1.32302024268405 0.17358924228987 0.942249484010531 0.273752026960255
0.91483532303646 0.142191894104681 0.994738077202922 0.290641615102678
0.503827537234586 0.139219955492163 0.996232162757507 0.308198209758476
1.00083012613829 0.109779697949559 1.20192794411968 0.300822474109277
0.973350095219792 0.111380908709182 1.05349308290842 0.255678139453809
0.985113073493236 0.138010384856666 0.859456007131852 0.278544057666358
1.12359570043101 0.136976057845949 1.23941089601993 0.22272770331809
0.825929473357113 0.154076985611458 1.00966088985706 0.276212636691803
1.24155933809905 0.148865048425006 0.914448040416361 0.2414073197093
0.850882081701663 0.163373351883429 0.907487677423112 0.253107793988239
1.18106706585728 0.13526651807877 0.980698258101297 0.274145296797565
1.49818689934646 0.146216198427499 0.806924645627265 0.24125609182002
1.20974548531622 0.12632298383832 0.94219000785946 0.312206906851196
0.804026221377314 0.142894974465145 0.835566257016514 0.253650596913619
1.34491007984382 0.153380040675488 1.20580280808714 0.293912149180839
1.44823502479266 0.150675794408537 0.865999598769358 0.335160211914297
1.24449209610058 0.126929109789225 1.16421647211945 0.31553519578729
1.04269109335584 0.122307845449722 1.19229398544526 0.298636333200871
0.761615701949612 0.140350920070889 1.01740949905591 0.285668789497106
1.41788518911352 0.154506580113947 1.0382602286876 0.290774427076793
0.788586700668366 0.118564311480209 1.02365132725685 0.294417617040335
1.8596047920956 0.141596856626085 0.791839291685373 0.325768471135098
1.59886421664088 0.165464772661728 1.15352701326227 0.296248920722502
0.859502553825078 0.139641050237961 0.935476600848439 0.292741204367249
0.573494253216142 0.178293170531229 0.79685155699721 0.303522033627051
0.699354090664825 0.129607825146335 0.904002828828561 0.200175744843021
1.17525364609094 0.133824088390834 0.957838005007592 0.268076695179324
0.843637485672068 0.107922585105194 1.0783379942894 0.364554468846506
0.94261229585925 0.125122950752133 1.23977615135641 0.326045533560071
0.623473716925291 0.120937017841067 1.10138283292656 0.286833512336693
1.055959246279 0.141596061492777 0.934932195569882 0.221067730119727
0.737203984870165 0.12674243790058 1.13038708395367 0.332261231271957
0.446053453986779 0.151945566250377 0.822429746557381 0.321235053725731
0.988292180966223 0.149077555824891 1.03328661696509 0.306999907694793
1.39301412430099 0.141493728588305 0.889643751364081 0.269280658052962
0.797174708535815 0.14487016621014 1.03299564347861 0.297664059848343
1.17425979109313 0.169042923284607 0.778431227106028 0.266907235886247
0.428120818269859 0.151826120984179 0.945310072197704 0.252469295712965
1.01047226710415 0.120731476618701 1.09735166848982 0.263951709258036
1.25692084417832 0.162109491881473 0.939642620396308 0.342099110145956
1.23311110804272 0.136299174622455 0.91438317326073 0.24152277055601
1.06133484672848 0.155954965214243 1.0732612545704 0.25813800113816
0.755344874602984 0.117008648162806 0.841086547510573 0.273519402357832
0.613645523679752 0.143464547932683 0.890899512036815 0.314771017005785
0.695990765022764 0.145792381507499 1.10244844490308 0.307089229000454
0.944732398524469 0.136098731327787 0.876168343516884 0.316773099675853
0.727549317114109 0.16294724657891 0.897149143241509 0.3170882633018
0.865454565791223 0.129591122337156 1.20772651251421 0.296576400014849
0.887326493024979 0.147370220865661 0.940419011870141 0.285349796480471
1.69955777573886 0.175269956071628 0.938830131898049 0.298719844410998
0.788496506142257 0.109490511508186 0.946855215917767 0.286174352023643
1.081282640426 0.130055300540726 0.972389995331494 0.266046467211105
0.899209943725739 0.164277228603857 0.625160606000226 0.354553003418646
0.755758349297514 0.184292669987089 1.20782409112568 0.230452863599272
1.07104597418323 0.154853981954491 1.13791609615046 0.274166938115023
1.55274646383398 0.136215240424497 1.19642175619848 0.258101693696214
1.0969254735704 0.161392593791281 0.994061357305649 0.283902056891766
0.925946063977087 0.159092404536713 1.07007031245067 0.24516463531532
0.859932927892002 0.139302912261408 1.07551376752248 0.289441565741967
0.284859786621825 0.167023031477995 1.14728799887118 0.310494979199547
1.45761398791484 0.139477084436734 0.868454093646551 0.276443782628278
0.479990628160763 0.141181278325347 1.12460288264756 0.243794533999827
1.37148882361739 0.128802278698741 1.01430741773493 0.238433329518774
1.67888555026913 0.150103847971389 1.17453117622584 0.272752040475319
0.534130927126857 0.141348902262109 0.847445794758754 0.295324167664657
1.218809650203 0.117294989530362 1.03913607418108 0.289828721418093
0.85896427091994 0.13351984700508 1.05687129501887 0.215684189369805
0.385238577824391 0.145543358895797 1.21390507930174 0.312344392756091
0.463866158458765 0.153372108117871 0.927004409468564 0.303083069854314
0.468942914522134 0.149522225023931 0.961166979110341 0.25074312414358
0.696581353145094 0.139629701886454 0.912017464367398 0.320703313776589
0.619521182635815 0.147117565690408 1.25494991222388 0.292691128938255
1.19933446391804 0.141085806717363 1.0879995081566 0.256339171661503
1.80345589002354 0.141744591706317 0.935643309018736 0.294557946883384
0.526881256136444 0.143471080306412 0.950343143689905 0.288948405902266
1.27526742978916 0.148006355738678 0.754932204026691 0.282469390572513
1.15953174201822 0.137635921733288 1.10092624415053 0.235465380772634
1.18938898247439 0.135570045187477 1.06090195032309 0.299990391541305
0.586184241871911 0.136674823988835 1.17486462030061 0.245634538412461
0.946173619149306 0.114434665859814 1.14521840232504 0.287254606537065
0.995129161106439 0.113166270306745 0.989419881782322 0.254056755160923
1.21698623225853 0.13883853069976 0.958170162083845 0.264593883512989
0.969245130619832 0.129109347618226 1.05604925133257 0.329754820255668
1.34309957660187 0.146505889131703 1.22957685822564 0.326584387979848
0.884690979430052 0.143273836221029 0.893748105685217 0.237217691842449
1.3612129577582 0.147771338037145 0.809927160838699 0.272547480726834
0.631111903883563 0.139205347805059 0.957216367516132 0.258741356496236
0.436382705371684 0.15786999372669 0.823013463142214 0.311486140344294
2.00725529606563 0.202915463792494 0.901068376002089 0.309879321867621
0.825648530981728 0.139337612787509 1.00865462945341 0.286048647992431
1.14072900135901 0.128325753040722 0.993751239120428 0.257297687223199
1.29704838942443 0.146574001589159 1.06363144821195 0.211621907263942
0.750286806077239 0.149813767101939 1.06733778573537 0.315911428049318
1.28153297260706 0.146633800959164 1.07158735080674 0.27655481031954
1.1079526471691 0.116025684083309 1.093308795109 0.221613067451399
0.797520772350858 0.128594719421139 1.03913650726313 0.25396347982353
0.964755889821146 0.15761457264003 1.12461608631636 0.255401032813919
0.974677638851723 0.179727890349922 0.975415169140814 0.229317984419128
1.83887528133137 0.141779184488876 0.971571984309665 0.311268469917274
0.668889387217484 0.137043498714477 0.942673375348416 0.279069019228846
0.567674444616023 0.127010722803612 1.08571364908155 0.308573341453426
1.02179958309795 0.146186582242804 0.826674580706651 0.271819655867939
1.06866285104522 0.161593223896235 0.948054785395904 0.266518284363119
1.13876682588334 0.178184961888249 0.825386759638807 0.230686299924767
0.788408558703981 0.121067093272457 0.900638116546301 0.267641946371665
0.738421390756179 0.149241475821622 0.936714582856735 0.266084572401638
1.3868557621211 0.152094012706976 0.938784059460768 0.271038604044751
0.922337330164178 0.130671862282582 0.980516264155439 0.22920543675085
0.676656787575949 0.136515120654952 1.02002900180784 0.260328960148123
0.964345432403171 0.13803642289646 0.979406325246828 0.283139206762254
1.0233778617913 0.175579990621195 1.14854040561629 0.275156134345265
1.36129386780773 0.152046826730778 1.04178474654485 0.249242892637448
0.96558120141788 0.117795258759561 0.871478264217049 0.270734556091275
1.29419904439278 0.161949551086536 1.11203989840019 0.264374760363521
0.820636092528523 0.156475258012171 1.13303934571475 0.316749384775413
1.09074748849151 0.143459811618861 1.15101293976326 0.265679818036115
0.726258173579084 0.134423803567025 0.923217149429289 0.265228090014228
1.15713811024447 0.132191919586807 1.26940596109423 0.31717143098629
0.805403589696735 0.166427812191412 1.23834574014417 0.227109058933607
0.543452251149843 0.135316726636739 0.770313104878538 0.219612273416015
1.65384024899162 0.146985576903821 1.03676375598644 0.293205428982831
1.22986783749845 0.15954116331918 0.854825388155637 0.318936172451406
0.523122870046957 0.175561150155523 0.941232128223796 0.259996471629162
0.729178937328716 0.154523330515136 1.18288435589137 0.27286207114929
0.617231248852825 0.167246908223498 1.12278252761257 0.207738021157813
1.77821068756497 0.162452327194201 1.13214151055403 0.339086000730113
1.40298138577637 0.149045671039896 1.12515034918397 0.27737972672494
0.952401645598224 0.123460404198303 1.12471442803492 0.290374094971955
1.14408051578083 0.164870080316298 1.0133154963294 0.299194134059969
0.813379290384335 0.128041349147921 0.958844213709734 0.263131551888487
0.913306783244422 0.15383202658011 1.12698661998588 0.264007655626967
0.671784895408655 0.135699053825066 1.06517780691982 0.289594640949449
0.814191529279082 0.140997816744091 1.20307533547717 0.311951600597128
1.56660126173384 0.13392102255029 1.16822652979705 0.300758736262722
1.04991275437366 0.115814123333344 1.11876763324959 0.296567393779327
0.977356612829087 0.150264811378064 1.15873657205813 0.319753115269125
1.16052522702082 0.146812530620422 1.06359203533668 0.25640860000691
1.5163855063519 0.144905156225586 1.11611784294189 0.244122145746269
0.787828081551123 0.143179139981257 0.96787965768271 0.268948110618005
0.654088205775904 0.131226157766165 0.811131867375828 0.299991981971382
1.61349437093603 0.134618260496664 1.1378988195199 0.300352026821205
0.801175142787329 0.159277112376997 1.07799183756243 0.385901259763013
0.794982321110434 0.132810227825025 0.90721024009065 0.256068690822957
0.531291868084627 0.133435862900267 0.973971847624119 0.355029494683625
0.540377518033629 0.137286443885349 0.904852479087058 0.313166839341916
0.745365442023941 0.148524584642284 0.986101067013473 0.30815628878589
1.24097362374692 0.141774061785879 1.13872938072763 0.215228516920762
1.42079279311341 0.129466150433207 1.19463344624656 0.316262551646333
1.17775129412309 0.157881365454885 0.953303609250831 0.267308991003117
0.821252611633153 0.146513918345422 0.84650686993988 0.299131607124944
1.05786540291136 0.154630171059516 1.31346556556461 0.307591508886814
0.721147716850789 0.125012338543387 1.15908264274092 0.251280319448729
0.807017888577199 0.138678203253933 0.987699586660167 0.244601960752404
1.4394742592854 0.135143346772042 0.885171724016774 0.23719701306139
0.522979072533985 0.130439626795604 0.952818938863603 0.270444398909651
1.66426161487666 0.141583793961599 0.848115371294153 0.304552392857726
0.989471415458858 0.0937801616447475 1.04247699433181 0.291825028748438
1.12841634794184 0.173376371337362 1.02719315514594 0.322639525908589
0.781288324164459 0.129636499870934 1.02525499872062 0.278411516040492
0.748291653657989 0.151653483300358 1.24517660130319 0.333586777802904
0.500786955932855 0.138504042333479 0.981300665131374 0.271809213029504
0.957733819713523 0.155537827965183 1.09228305101794 0.303294351324322
1.23856527639408 0.127927540909386 0.920128317133136 0.276022667869284
1.15975484579586 0.143917474912799 1.04211783497087 0.278990950226287
0.722120192934264 0.156458593433136 0.700448343547042 0.324477731559722
0.701971437885692 0.133964669187321 1.01843210513803 0.332436137642955
0.805054264849639 0.116458113457541 1.29724855400852 0.333774585426416
1.56448058582199 0.172425170846017 0.892524128726807 0.252318958288388
0.610332711158224 0.152197359130044 0.975469031020256 0.234510701878847
0.886068779232698 0.134680805549782 0.941282963481306 0.250815110960184
1.63794685978715 0.17724387293332 0.929524136980282 0.199523562965499
0.888949821117509 0.11698932782352 0.87063773665537 0.268642478423398
0.454214276205913 0.163017343751074 0.941004100096602 0.347768931491715
0.866811322557999 0.172100568635371 0.822108142845463 0.312987920265265
1.1895687794601 0.154322037650268 1.02358048465694 0.248766144258645
0.93008774071828 0.127394866181491 1.071909505017 0.274056030819907
0.713802344752699 0.143937876844998 0.938721344140021 0.30726285160369
0.917726425288075 0.117042088195805 1.0688971911314 0.337123552788331
1.02424616092508 0.130197997025567 0.894373274524508 0.271830888091496
1.52302459107507 0.169851653199579 0.852250578842751 0.321710378495249
0.950036517376458 0.136030215695688 0.999259117265795 0.243303735066871
1.39615668361047 0.127491959180881 0.920364734035188 0.264218403681474
1.17784998619704 0.107147961545632 1.007679921412 0.307884903271267
0.883706223927455 0.156356887511072 0.999635822498884 0.275057516938322
0.343388960863968 0.131080949083751 1.10281699827011 0.232470654610786
0.906105931967517 0.146435936563286 1.16342820747955 0.29196102928394
0.808221303069446 0.148670579607625 0.86561935047388 0.26042626720947
1.05683195239395 0.150998180397105 1.00919922343661 0.275593005761625
1.48333893787928 0.164688383376516 0.994622237155605 0.236197800472099
1.71227207990108 0.168413719469611 0.935913425796862 0.275036784741355
1.54397223643679 0.14574697085225 1.04164483495645 0.283885844138725
0.814422001199899 0.138737451622587 0.98895111766211 0.272052245004273
0.371040378037924 0.154682127181678 0.868383672743381 0.316115170568307
0.888170281348127 0.144487949853821 0.857384389771907 0.270478173466703
1.08997749426993 0.146294107621756 1.08067847296895 0.318026274822739
1.41025452792279 0.150227122702886 0.9373972359542 0.280551947698319
1.26640313090303 0.142203794993455 0.949179050538154 0.243732108076598
1.33556788687318 0.148581515574346 0.900009132153814 0.313466752316117
0.476739260874617 0.155090469432513 0.945608764871882 0.269085884836107
1.25173523609651 0.117634720214747 0.943044371073926 0.275121088713888
0.86090554308865 0.132244982465119 0.91125816266089 0.308616013939892
1.05585492826201 0.136560038331921 1.11356363866796 0.26842725541583
1.11860567927483 0.13726512707192 1.03746943062771 0.232815114162634
1.10560723106156 0.128410239134402 1.1062530948828 0.289856131979155
1.16426688785554 0.146755852763525 0.851383657338266 0.270191535794926
0.489551362278982 0.194185804568175 0.895544750985658 0.261985309772557
1.13823175023932 0.150033087229087 1.06224587466647 0.364908507225174
1.16714488894719 0.127993381239134 1.09948301341202 0.277228354885943
0.752301915783957 0.160869311015931 1.09673188059687 0.265034216897131
1.01590812755966 0.126927699735894 0.979094329076542 0.241847534711975
1.08752342070716 0.142582713514469 1.01106220232762 0.255178725592375
1.02379123680832 0.118084076760452 1.03902003756762 0.288195124740516
1.66740418774427 0.16463631275044 0.667318518587615 0.334644150442276
0.932018886032728 0.152748421848792 1.13083639440276 0.297598202705646
1.08694309390343 0.123670216505965 0.946284535631673 0.277559559353193
1.46873780762371 0.150123732176325 0.801598807086565 0.307160089140991
1.31653870825098 0.130237392469217 0.849440541674829 0.312318404341721
1.48168831851897 0.136644322348245 0.982865727139325 0.222052965609789
0.745668019881707 0.177728971108459 0.975457488487439 0.242159275217404
1.75949052560861 0.146625090266987 1.02317367874218 0.305640795197932
1.10371493174497 0.111780973368346 1.1529535674577 0.261017530772865
1.77742805726147 0.140479820339582 1.03568865048431 0.247056086156361
0.666225294894349 0.144510380723338 0.910808913388253 0.22348453720456
0.791908613781359 0.166412086081139 1.07395862306987 0.326075497545905
1.57168794983516 0.138280873320827 1.05071455767593 0.242855700484571
0.726503706523156 0.155386553096739 1.11767179672661 0.270062019962084
0.67497113272612 0.144255417736383 0.923674404690498 0.254272833352557
0.627154055677183 0.142071959093927 0.641510719775438 0.318402373984235
0.648901449979535 0.131171442689384 1.08050174348168 0.30707629192466
0.684349637074433 0.144774972752995 1.09646583021153 0.26963722813484
1.13108742414769 0.143914642420056 0.941222249671009 0.29817798638582
0.264914601699805 0.165986289197812 1.05882658008182 0.225029629744025
1.0144929850285 0.151152668007213 0.912148069590162 0.267887626525282
1.49278979626571 0.12258364221816 1.12722406319865 0.272777799212526
1.81777637097111 0.145974105526406 0.841882558630944 0.327306445584315
1.44946623813428 0.13020139050329 0.926329411525789 0.249877413458564
1.32262330068947 0.131585114420327 0.875151002159623 0.306831677070634
0.324097701663235 0.161021843586697 0.943966132860413 0.313436698208378
0.828362011389156 0.145204446783099 0.925582674622108 0.263354202111259
0.928761418856483 0.152199739545696 0.869635928844877 0.312616263175862
1.18832969075747 0.137044427550794 1.09512167332567 0.27432650992375
0.885806229656509 0.146137996531302 0.931728331678308 0.312014551981028
0.474055692784061 0.160729293498805 1.15791821391377 0.269690630616885
1.52297051367468 0.152858119717273 1.20040967969639 0.277924840452317
1.31020347465193 0.120900288583117 1.22356259987991 0.300576398507328
1.04029628874307 0.163876172788434 0.995246376267487 0.34653762642619
1.50673262948831 0.137886864604482 0.900651733519928 0.301287476929408
0.486537102009192 0.136075910037838 1.26494253149342 0.3253743118754
1.14420453882636 0.133871267075546 1.09850584552893 0.265415625391664
0.898382973823912 0.158192746600583 1.13840458618747 0.251450748390461
1.25841298426152 0.135908975214472 1.08576859228334 0.288432475037491
0.92424521170291 0.132889649946568 0.810240020524071 0.260202781130695
1.15412967470894 0.151018331580008 1.04247856704741 0.302568459837076
1.4042774743998 0.166333277386642 1.07997627210439 0.241798115147662
1.10579259408164 0.131749678431641 0.927088140348431 0.251047796678155
1.38301342450132 0.142195199286265 0.919020723042243 0.258183225915598
0.554036084023193 0.128039261662765 1.0718218326206 0.293254252563922
0.698294019979016 0.141549053368883 1.22731422191063 0.24625180248991
1.49801590263565 0.1671229624216 0.906794744524176 0.20708967916177
1.24382118264521 0.157830098500889 1.14356384526126 0.304816448771844
0.287911433458546 0.158069737502492 1.01755203394853 0.319228376854453
0.565561953354823 0.14758120006238 1.02079911643049 0.197893020320414
1.06791594287474 0.128669196973151 0.929346655069808 0.259715147924542
1.30099286583617 0.131175942622758 1.14244647384256 0.28782869379124
0.975547564351915 0.149653423701229 1.02687113069905 0.29696459404831
1.24475184405788 0.117228097751313 1.22310196631767 0.252094689750617
1.32031301681595 0.160516720777265 1.07705751359032 0.263115113664088
1.54490758077926 0.14994740968008 1.07060136163346 0.322558752001707
1.03050180557906 0.135984619624597 1.12417102972303 0.354148666221251
0.898774122031592 0.141809513759303 0.904374766571297 0.309522224848874
0.416200072349925 0.171625244033913 1.16571208240145 0.291451793168664
1.11522395773132 0.141612445577693 0.951427564023249 0.316525405141456
0.867509414373135 0.11983902981705 1.00462902788044 0.274537304839524
0.571315098790453 0.154268712446943 1.04819587322176 0.292612815753331
0.896109017510623 0.146814719371515 1.05456286429537 0.311568359309014
1.29166025267499 0.144730235854436 1.01665185590735 0.235740128370918
0.24399131769827 0.159318546942148 0.905173582663282 0.260596219721588
0.909796067720273 0.150639660156658 1.06152779476812 0.203898356405948
1.11548775778937 0.165065467026912 0.879827425539217 0.322171264095097
0.752965567503845 0.146335901945729 1.26553718356042 0.315844833033269
1.13449655910528 0.132340503720176 1.17712882379085 0.302891341160974
1.00440570499227 0.135932100072091 0.864390045354704 0.245095856067476
1.00542362172103 0.143823528678441 1.31098694125008 0.307121584192905
0.096772945090395 0.146406825229981 0.954526397204828 0.321540335293617
1.80503177146955 0.17463519741693 1.28696683700089 0.266244797391129
0.913860910234057 0.156696003982515 0.848339682965067 0.311836187035561
1.26934246019085 0.112276693286888 1.00143067093245 0.306583710610278
1.086966393123 0.143772842768929 0.721243063429168 0.321129417059915
1.51036927225292 0.15377865739156 0.862010826868904 0.248226015131211
1.29801021959054 0.131051480850198 0.936909117601842 0.257250020915607
0.972565145683602 0.143454147375043 0.957869352068894 0.28565647352217
1.11724194789582 0.113525475120396 1.07785308189974 0.265251477125234
0.675584166449937 0.166602214475421 1.1019370834904 0.305504491549757
1.2677824687138 0.103400837308051 0.838464242699661 0.297042611950005
0.671183249981304 0.137052459302568 0.962720809146253 0.296261724767496
1.91208403319557 0.156398165031574 0.947584924965268 0.264284807618672
0.37779169791987 0.135293722477316 0.920849422786775 0.293824444783413
0.761111888322049 0.149118484764337 0.953054061171011 0.289407455614254
1.33626882818352 0.143190672110754 0.895634621278634 0.304960458602255
1.1609553652503 0.146928131337322 1.09258068075851 0.294027776295709
0.735310119700972 0.165058075888699 1.27457774475961 0.289275561712417
0.704832090501356 0.142160595526325 0.881272168907165 0.240746037909022
1.02310616201914 0.157032332719068 0.818173459211494 0.287540112841691
0.999757522806356 0.147964574319133 0.877582159377019 0.192472233270319
0.246919298949848 0.141493583523948 0.771948521549546 0.276432723115645
1.07699208767847 0.164890041178021 1.03085233706718 0.267902624328283
1.10793418513462 0.130989335471835 1.10787592336996 0.276513376445948
1.14815175605321 0.137553432881959 0.820306230749524 0.260263895902801
0.626716697113191 0.128428614022286 1.04867338935516 0.311844187795623
1.17115742521145 0.158773670361601 1.21524884665428 0.231370551499318
1.35356386937112 0.1644803714669 0.937231293665861 0.278158763980616
1.09691789895889 0.106132571272414 1.09246953561131 0.272665405410595
0.542451394694208 0.136371053494022 0.976938403771621 0.262246842849341
0.89643717759598 0.125623839784515 1.0377233648278 0.295667043703972
1.21990240991567 0.127046285078143 1.00161466163623 0.250321431861136
0.831386664333783 0.140488220222138 0.791992327980319 0.283056240940646
0.242288182367591 0.153089303882314 0.95352847289461 0.270237360242016
1.34619679728992 0.135212251714426 1.10558711663054 0.349859907142272
0.751263617161443 0.154865676747709 1.00903424073307 0.280445694918797
0.67449620513734 0.136796245773854 1.05691312875964 0.286636393927287
1.62310867989483 0.141642952990175 1.0174814572883 0.279783034788577
0.708923339201799 0.135726401301294 0.83902618666119 0.289927368297905
1.1855474797256 0.179493683602063 1.1399896744709 0.318756921736052
0.683502631544959 0.163961292989245 0.984572000272507 0.289789505230324
1.0056559629026 0.167513231672188 1.1065679513684 0.268383648361623
0.921441915370374 0.14094280240906 0.716274986641579 0.275908568828316
0.587644428499688 0.153138067508872 1.01847885024406 0.240310750816888
0.745366808876684 0.142664308838108 1.18683131288395 0.277293437693031
1.00881124406175 0.133135380051345 1.11653933297292 0.233737236727007
1.21846102557225 0.148554611374307 0.909021530679468 0.253747464437359
0.38776393876345 0.167367212119854 0.832317041263122 0.276044627622218
0.815854666216936 0.138320077371574 1.03412760566684 0.211454637877647
1.26194503862469 0.140378262914472 0.892459739574633 0.267055432099418
0.749222918561489 0.139394360638048 1.1978136435593 0.269265005846349
1.16093784307328 0.151647478427141 1.02103716688412 0.299143862058276
1.1361503774653 0.133881853315867 1.08821547670834 0.27758846592296
1.13416772906418 0.148532952340164 1.08814487184057 0.27116402534903
1.2174031643451 0.123276941448085 1.05262156933927 0.25880713654738
0.984433628175155 0.155704491685077 1.06594242495271 0.317774115385084
0.891095682863202 0.150300841875906 1.07427831412582 0.290557612878967
0.0137131819675528 0.174599520609537 1.00959130867795 0.253646007033284
0.961423238643441 0.133878268463515 1.06963140234231 0.291212689242291
1.1666045170373 0.120313639558724 0.980396515413233 0.299151127184513
1.18982885441206 0.138619967471591 0.987281504064803 0.274737882593077
0.771736851008046 0.140986661561038 0.9637003544753 0.304206462747905
1.67400198801225 0.149972261930822 0.951789126171955 0.353676530818573
1.03601266571721 0.116226938386709 1.07475621221768 0.273549822022873
0.930318279447511 0.151049506667325 1.11326597270012 0.2560037889147
1.47430395966444 0.13553767266649 0.990098924985626 0.32081534317649
0.842969811114795 0.165881042559977 0.865443881008764 0.256142892705279
0.865155301407802 0.123540530781581 0.865741389018889 0.315999388400776
1.8841878912511 0.142831580780703 1.04190138605033 0.268119671351453
0.971962322636219 0.130389027129203 1.12315863785259 0.277480474924626
1.58698905223357 0.144599836892841 1.00610339620023 0.290196220155811
0.430866611844032 0.120077952846751 0.938699065827281 0.29934142745658
0.973701607691727 0.15732248956964 0.900170318739891 0.311224179870146
1.04178043883949 0.134529232107891 1.037044628913 0.277437929958686
1.08869348158958 0.132628506302162 1.08710327377555 0.288403226378179
0.610932330284064 0.160057707853973 1.06165277126101 0.261115153967582
1.09828890423508 0.122017415480739 0.992564511006593 0.260372357622729
0.518432184026734 0.150366373930773 0.876028254897408 0.270380808467065
1.2341827973889 0.143553990901597 0.896233143739709 0.329433744023588
1.37748517213079 0.14095069972641 1.07582169609629 0.294330678108694
0.15952989857211 0.162624055650629 1.20532029564192 0.248699351475864
1.5277559182299 0.13678952591863 1.21844762280145 0.287248378961174
0.668056883148892 0.158369166586731 1.02686938623016 0.268888127665701
1.16234957643572 0.130818907456036 1.17421589841326 0.281905037366582
1.23844734223951 0.145025351540321 0.720042502547868 0.334137198356696
0.957519817205184 0.124597998127679 1.09005308720336 0.302694441588334
0.718408855567757 0.161428797212503 0.891156908332493 0.299533967384628
0.943555439726997 0.161118330104088 0.974500218874734 0.31227827083083
1.16769008508086 0.155992512781642 1.13510798187412 0.256349551795538
1.26968093883969 0.12680841079583 1.02916085956374 0.297419658428852
0.286255461178605 0.166233089341008 0.856721988799462 0.313444885498123
0.423041685786484 0.1326801339902 0.901533564135468 0.261674790044346
1.51688935521121 0.171594681165933 1.07770148494152 0.256822742083525
1.39305649488188 0.17709301026671 0.794110959034109 0.291069072196476
1.06595096517453 0.161490900411928 1.02115362758794 0.276488218954495
1.23040753541748 0.134575323871314 0.919939683242962 0.267064370459274
1.32664002779704 0.141283488502489 0.714171659446401 0.297851129691378
0.0141759311129503 0.1600244161651 0.93675037193152 0.282683398888308
1.41408320497947 0.126772207591411 1.37662676014407 0.336087690899925
0.870644673070435 0.14686273865255 0.981391366983818 0.275461011551804
1.03987821536043 0.163273438016462 1.05597408088348 0.280077254875144
1.03509013059016 0.124940599053917 0.957077427931093 0.235206603121982
1.38784557860303 0.117336809330282 1.17440633409271 0.279233705381845
0.941006677158727 0.174060754898245 0.821472627369188 0.273665320936384
1.15890948616032 0.137301308472562 0.937815892474466 0.278450708441475
0.891905016725837 0.156409813763005 1.05781831145077 0.297563617208152
0.65267873169547 0.139658459992838 1.15968539921775 0.2526814393874
1.50698635211806 0.121853192287284 0.931528912793383 0.315642788157421
1.23191919978193 0.143229255177379 1.08477946258687 0.353966205572429
1.56935167638612 0.135954462741457 0.970390930399363 0.27664154623531
1.09709502967758 0.136113362191763 0.684292263116277 0.31104533237701
1.40249413915428 0.138344408926658 0.864309336107617 0.322480899119016
1.85563287223708 0.161111162498205 0.913942546763256 0.331837707918642
0.920881694148954 0.112183908146661 1.1189325716664 0.285697094228021
0.475637685486763 0.151100985877972 0.965207356716942 0.293604073913879
0.900111575816291 0.133119950375702 1.12078180197041 0.284758870244891
0.9208085982549 0.151715824380187 1.03237139229498 0.247116535587777
1.08595071408517 0.154975084549477 0.903667384293243 0.278823622305089
1.74173510673411 0.148327011321175 0.977976710982542 0.296485859427119
0.746123294117621 0.144940347722187 0.931687347711101 0.269119407482623
1.11020296869947 0.138456801469257 1.34045525214005 0.292970133776253
1.05713872878612 0.142884262207129 1.19789188984627 0.334548219890549
1.05839849630421 0.116660457184675 0.919313501683744 0.266386801198986
1.12062783057523 0.170897024099365 1.11190900054658 0.307046534606094
1.44939427439877 0.138113103099139 1.118224803895 0.281696910290556
1.08634660623144 0.130874832020584 0.878268221657816 0.295747397764207
1.20521947839006 0.127786406788159 0.852159250470798 0.333427108464818
1.19200286224472 0.171671091916106 1.01707779213903 0.274517581790457
1.31244033292111 0.157012425748608 1.02101520787895 0.303116183698883
0.638834667735279 0.159230705739322 1.11905351093586 0.25734670704934
1.62319797215718 0.159427620358542 0.945115023359519 0.259115974488401
0.736098211496118 0.15668615372151 1.07564707126104 0.297532836687457
0.971258719458127 0.141600907952148 0.997321654619736 0.252646254127246
1.42214145655233 0.135308652167822 1.20416671642154 0.321427314313297
1.56518251089574 0.167989906701918 0.769409673225231 0.255364451895204
0.611472661554932 0.116805772769392 1.06442955034899 0.283796175684308
0.681795134587354 0.135636154085908 0.814038482527338 0.275003586318474
0.464198224240341 0.12368333302515 1.15152696665938 0.263797505320262
0.905748159158782 0.121971708075194 1.07500268269891 0.292161798658686
1.08156633831423 0.139722231575335 1.14668549093524 0.295567770142218
1.16552309858766 0.13019052380074 1.04428220778107 0.28076790811529
1.26021081274589 0.1338933607795 1.0133875462467 0.231279944579346
0.798494000199445 0.127798146474804 1.04723126549204 0.308677006945046
0.617564698876625 0.1678239943922 1.10407720684931 0.233313349417726
1.24540988136113 0.123130651553185 0.966010419421066 0.29587837108613
1.26621020987272 0.168960778296045 1.0557229127576 0.249988476540704
0.578411205249451 0.167055320826501 0.85458013783076 0.34071504116656
0.973361506312112 0.129423305824656 0.963484588855108 0.297944674759925
0.646418849981639 0.147594166783248 0.905451866917154 0.284211869798404
0.315447593704865 0.167563433506147 0.909569036860312 0.306617651942011
0.946585456872309 0.171732104726116 0.774640954648266 0.252720405814883
1.038367823165 0.165612726446818 1.17931167287546 0.262490527341284
0.797995405341716 0.159568405496112 0.9798190148039 0.259749544929731
1.09009834964433 0.125629611808071 1.15196790506436 0.224124151413938
1.26894704812337 0.138979002772168 1.1063376590615 0.2781662338063
1.11887013115363 0.115349308743462 0.968087276748365 0.271772839200092
0.763012653173583 0.102666902662832 1.03139358663367 0.248654840996346
0.625414049968165 0.144609652683862 1.04378836788497 0.236723734470988
0.888151885645982 0.110253798721654 1.23688578385929 0.271106959345388
1.15047994492708 0.11264033624272 1.2003372232582 0.255356242496924
0.62915655195177 0.140982912967978 1.26284476771284 0.308181602386443
0.919619274698482 0.124906580656758 1.08670211516181 0.26121581990833
1.40426635730701 0.125764689435021 0.979582042823151 0.287547485549776
0.984253771456039 0.155462327969261 1.14601221157107 0.255572869889686
0.762869224436649 0.147744818757331 1.09593071729292 0.273696268758299
0.831185829690611 0.157143403580669 0.85236979208488 0.234773917064401
1.33653969660621 0.128000187719804 1.05071048172378 0.288261445179208
1.22924898077198 0.153043658421947 0.98310580987194 0.216189934955795
1.45062850207622 0.149780090896258 1.02792979010827 0.274851436624233
1.05199349513198 0.147854356585223 0.928947833204324 0.237301571396425
1.08223090877005 0.141728446195913 0.901038447774558 0.254224639812704
0.653688925484168 0.127188856741086 0.942725010934288 0.250168748814521
1.13051383288613 0.14935788712212 1.18450349067552 0.292794019666781
0.735920723588632 0.133750085091136 0.961991209488587 0.301868661731067
0.471413775491703 0.155594387858963 1.30463964595776 0.325692987676225
1.10121961320675 0.135847685173844 1.04296758337646 0.279606294108372
1.69390531188535 0.162131789492687 1.11272311752674 0.214696402603674
1.19204276963494 0.148548691509201 1.04903263111049 0.296347521461956
1.46541205073174 0.146851827421448 0.687564546487536 0.273049338429691
1.19678722977048 0.11602507099062 0.930428421841056 0.32104459019834
0.692371301905672 0.153643246567107 1.03571253857584 0.310667834736236
0.814343844095346 0.151478353022515 0.841647291386675 0.305398394155124
0.817943285051794 0.158990948291923 0.733396707237122 0.292488502618274
0.638731648653232 0.167921335777011 0.818823529264947 0.190840962689322
1.19409904953829 0.143338301441024 0.967847391871339 0.293344287173222
0.599159417410867 0.136859165584534 0.844820840446193 0.281992340419973
1.29168934437038 0.1182988333022 0.920257599206773 0.252921812160149
1.35633887443503 0.134323471561313 1.03994702571362 0.326568745785255
0.464014706299844 0.139415027787929 1.21388256238218 0.270700419143072
1.17502025425279 0.135244494945427 1.20386145766379 0.290000443461245
1.83664796946912 0.170473691903282 0.987672782121825 0.239975961508088
0.828398668081027 0.142668056217809 1.15791213257693 0.296496248419223
1.33511443995049 0.136645117684036 0.99282928659235 0.289776957994567
0.699041344352835 0.167594510352027 0.986354413752851 0.242238545586494
1.5043942481273 0.172211264110906 0.817709684991968 0.31154933287881
1.13997444090092 0.121466334819942 0.980059878787053 0.279005361229213
1.61089935395897 0.149003709322091 0.983654799742915 0.289603177676638
0.529493354282601 0.137305447342807 0.961189475227207 0.237924325543876
1.00519156469228 0.133950807144372 1.15419057526084 0.287013660824185
0.849611277988031 0.129246600350976 0.889208585084988 0.275997231653526
1.0055022359812 0.146166400998712 0.9707910592765 0.285572093340926
0.772083501824618 0.138727728281008 1.12416601919865 0.25116196865677
0.775785553128759 0.144281020198469 0.842915331783529 0.240444402319807
1.1706382778331 0.120199943187951 0.99285897953852 0.283667672646544
0.573441374418425 0.125089871250985 1.19041140497119 0.334432572445677
1.5666351275381 0.153246345500767 0.741974259747087 0.354041655494695
0.48715809574347 0.137247044829374 1.02393767846381 0.347429462258199
1.03005278343795 0.12595166330376 1.02025762466682 0.280519368585574
1.15571863620767 0.134771141227802 1.16655268885067 0.296673702972946
1.18773131066934 0.149906518675234 1.06119519531367 0.329929241661879
0.923761840773901 0.115257020347062 0.987799575786634 0.270676587728071
1.0373869368529 0.138760182727976 0.988443401066433 0.267941364629741
1.37422341373139 0.157387122336041 1.13206483627681 0.268130704079034
0.568283057256607 0.14080128910602 0.856938849986327 0.29181927609427
0.707184169416366 0.142697291394485 1.21490361830911 0.318461840095631
0.965784935231769 0.164445878552522 0.922526906760382 0.272144342391863
0.80217261131999 0.131494828072065 0.93124901394701 0.307761717688937
1.45187462663006 0.147846317197212 1.05959332930745 0.250160568069519
1.2058921942614 0.177676069121101 1.13896487789038 0.290045020886077
1.00097752614355 0.141077509678998 0.789195227222778 0.276011663017999
0.470430328069996 0.148533882254779 1.24105023789813 0.254036238960395
1.04944069812982 0.13648968104637 1.02850851787621 0.245664538990008
0.847030113258276 0.134876619654228 0.943718453828732 0.330403454702509
0.953445968192119 0.158646744327054 1.09332106565417 0.260649446653709
0.6912671206564 0.153708675214019 1.00534596198724 0.257445269037813
1.23873757967344 0.143025163204182 0.950023004137099 0.272351978125041
0.565443097036942 0.145410254532384 1.04916888239333 0.263535746297681
0.84690890124497 0.140507679341729 1.02999615797129 0.258259654193638
1.14451051840861 0.155261740070001 0.89581391769311 0.324590743064402
0.718202327908804 0.133475037489499 0.836661633332516 0.334589848845762
1.11070722997742 0.142806266281751 1.0835040177577 0.273798254324885
0.609051090446626 0.140479379101892 0.994719045163823 0.253598219395383
0.0601432227834001 0.215441984985774 0.80570015450672 0.310841870487216
1.05852694287402 0.161204680328891 0.994017355658866 0.360597351614909
1.31629778028526 0.134967703388595 0.859419199281453 0.219007092903161
0.838983622650695 0.171575476900346 1.09062094386904 0.266623824540436
1.27974954593517 0.148027392544091 1.06568817603298 0.312029455730431
0.42506611132239 0.147083895268423 1.07398939657729 0.27942127272712
1.06122244991275 0.141844414016592 0.952941500470721 0.231346577617373
0.275311285398793 0.148667052149598 0.924520724871787 0.290906227905848
1.47059894215224 0.124998932192026 1.01521900042781 0.342318334704452
1.66664772081784 0.172023799332492 1.08092708658274 0.286093609650813
1.35985568581251 0.11917143036579 1.16224760527243 0.271114115903504
1.03250549890935 0.127360657289873 1.11293706501264 0.268835392101456
0.976074682131917 0.152361513754382 1.04720011918008 0.205112392426189
0.432112184740311 0.144722716617728 1.01218058577021 0.275724677853251
1.28231970474383 0.126705183477547 0.85529977562991 0.322669497710911
0.889200638241827 0.1140954959449 0.880327831593959 0.28548117541935
0.838003891342934 0.12524224017568 0.872254890784298 0.257377541275007
0.440239407317603 0.130025190134237 1.05329623971401 0.2574349938696
0.893413032926589 0.15510823714399 1.02149442685071 0.265766279230064
0.736521760956776 0.117439139805244 0.943942972003341 0.253398031704089
1.00106570736174 0.171037934393317 1.13213360044582 0.302952408746563
0.631096465487012 0.146298566633637 1.06083869741217 0.281252016604194
1.53463761436579 0.165348288749522 1.01022463085936 0.240042804291382
1.01069442787585 0.142504458595207 0.941649150263457 0.291488823056924
1.41688443835503 0.151280721412969 1.03375751613509 0.287690426958088
0.0150624730971766 0.147561254211373 0.975035945249969 0.29178062627951
0.814791362294898 0.143871434429615 0.850987943568401 0.284920510641838
0.813059878916283 0.166568134722518 1.00109547059077 0.293292627963104
0.572774807249557 0.152355501725766 1.11006436874358 0.25127657776347
1.57055895627339 0.132246551657029 0.864336453395103 0.30689317011155
0.482139819534127 0.167575170640132 1.04575070326284 0.25109360430885
1.12529098152078 0.125406460422746 1.05972357679185 0.303308628294265
1.23608817436049 0.14775653216617 1.14559681607198 0.246678972356668
1.03921637965875 0.158289562380492 1.07928808910553 0.205330488247506
0.66616075643661 0.132346835230909 0.75198402622698 0.281458720859772
1.30877908139892 0.119607877407877 0.94142090516404 0.276880356876212
1.1054339510957 0.147920341149032 1.26135780862009 0.275423882459214
0.581590919964837 0.123054353669315 0.980798560346974 0.21927441481384
0.43226789191879 0.162812626002961 1.14055580828744 0.319168988823985
1.7428985544604 0.165548305867056 0.992686733153109 0.269016647504849
0.821466716590237 0.130172813048983 0.907453845081511 0.251496970873023
0.337970282418861 0.171478530876624 0.97210845684131 0.2973801513156
1.16754840711828 0.142779938895654 1.01093958129012 0.211357296810182
1.15321127998757 0.131994584649741 1.1550170605912 0.269169557778445
0.447077096124122 0.146276485926659 1.0126338673614 0.290601494789797
0.279914990573866 0.134641280491192 1.19048272674233 0.260982410175456
0.92662533372793 0.118236219985706 0.788804360031338 0.254480661557911
1.4583282910462 0.139729350838815 0.902025778187395 0.243044716791903
1.194175991504 0.17130397883038 0.989412898924284 0.248624580366706
0.751408175223078 0.138639260944983 1.09302854898612 0.250505579995219
0.595597060153341 0.15220088112098 1.14851945667621 0.2527774424176
1.12148486248958 0.133734859999779 1.18269273172925 0.243685128883963
1.01881584492009 0.13351719924728 0.83758982248354 0.292454606291804
1.20728173011125 0.142640384384617 0.984908406087652 0.312817006471656
0.887214557144604 0.120243871671608 1.15360319054019 0.295778123649864
1.34710389744607 0.147406248839769 1.08270811101545 0.296870665351466
0.720169879560371 0.131105676136141 0.880135437444434 0.289283764077669
0.799174764755709 0.132937832694689 1.05255979108084 0.270650684265131
1.26243926861066 0.148179944975208 0.808070834932849 0.279164779718657
1.39157585690657 0.113313633431335 1.01098270281287 0.337613361590643
0.291264286587176 0.163362973774723 0.959225119645295 0.216527063530958
1.09736662929703 0.128467549128386 0.979089924075461 0.326344095638396
1.23440537732509 0.136624374069239 1.06138469151608 0.233056321409404
0.586169053755533 0.164802208672188 1.16270640539356 0.242523160346173
1.21027513594966 0.146690631124837 1.00662432995139 0.295506510479782
0.71995981806284 0.162511979152461 1.04291079414521 0.22091031988417
1.37607246387128 0.167383932523783 1.1968996481317 0.308742950407863
1.11846992960634 0.139196472455201 0.889220798871281 0.278668816021059
1.26414403058248 0.137009198208968 0.928525056642082 0.273481830763054
1.02132581586472 0.121087810054533 1.05637925596348 0.328053750765577
1.3655897032512 0.151889273440507 0.932476466811699 0.199417421601911
1.47175414264117 0.162301137234256 1.01605568792307 0.251904991170024
1.75419850762254 0.15570040189145 0.897464393568831 0.283891080407686
1.01767208577569 0.149489513593779 1.0973507034088 0.267667515086875
0.0967306093386902 0.157506527569346 0.944458427387266 0.280063320157752
1.0911605383687 0.134856731642419 1.01845232817542 0.230145721213324
1.06110510377799 0.13089264716158 1.05245433393439 0.239801082392554
0.897210069226872 0.126039671547852 1.00235484413127 0.30654715334365
1.10894759672302 0.146075447071353 0.964114845871936 0.290956672617679
1.36684601008267 0.156186936808928 1.14332180924108 0.233802208223187
0.686580383326639 0.13399527803931 1.03223279432626 0.222369801277978
0.984334089378973 0.138856716548423 1.24488043793015 0.254208189632132
1.16193286009034 0.141502716883632 1.18561795731001 0.285211478405689
0.774668065117797 0.117123882632674 1.08885673440801 0.265792096982859
1.12697439966436 0.132515530855286 0.969489680211587 0.26886612101688
0.341917875207898 0.126462758278589 0.917125767076617 0.269051798148433
0.509842204175916 0.136294501029718 0.884757664376946 0.248877526992068
0.491768919916553 0.160822481468605 0.894412892775662 0.28739375794679
0.882508798234207 0.150575032073731 1.11841199191507 0.278215674413061
0.723838648598443 0.128803471759679 0.91679338355676 0.276901074633978
1.23838714056046 0.128082280053886 1.21923971380304 0.32596245260191
1.31167728836602 0.152392043752446 0.887757222179692 0.220330816533719
0.730144504048057 0.145622767728262 0.927140758804152 0.288452553352494
0.584747762964368 0.131267998258725 0.893430576840194 0.283793242005616
0.553982913806168 0.158561242191034 1.05846339568932 0.245434688911862
0.851259192753912 0.163376239935258 1.22836749752359 0.258941943363078
0.849148622970827 0.145008334378356 1.01178733481937 0.350085993133861
1.12740512408967 0.128289630781211 0.846887550900132 0.254338699578644
0.934556137339492 0.147716537764517 0.93755650221927 0.275391288234435
0.199786917806127 0.128347153820305 0.894153131176282 0.25804998252066
0.957119685198831 0.134267212210659 1.27136997135891 0.261146093878332
1.38702404505161 0.171893668479509 1.09326901920409 0.293571166001778
1.45543692031315 0.147580952053086 1.17912516398284 0.227160680669344
0.804935245991075 0.169901736080918 0.82531756783066 0.261976909088777
0.405993806840056 0.131306554298141 1.21929366858152 0.255873813168634
1.82773835726176 0.151115636940698 0.818166598755091 0.294303617342767
0.885870836302002 0.126042338945762 1.03685469985506 0.254674298374599
1.01788021803593 0.153213031877895 0.71194976600645 0.258810765403199
1.06954885967468 0.132978344750263 0.929548653656443 0.307048373881618
0.47132407232998 0.175779552508861 1.15621934009232 0.251921938085842
0.632417772707101 0.142674187787315 1.0046820847472 0.341420777696178
0.608354089418129 0.172835825655929 0.84885933368489 0.33849932499645
0.797431293734144 0.148708295297686 0.904472858531505 0.300942652321342
0.98749331253589 0.145417770620683 0.793616175503849 0.367880189762323
0.39381728135744 0.151646537577763 0.974072288278171 0.288012196243371
1.28227187048823 0.134518154501501 1.17925881660453 0.25747550483494
1.13887231644423 0.142596968206447 1.07429738373072 0.287310364113012
0.692325987716931 0.153767456949791 0.786831659857642 0.277756455679006
0.970397675493011 0.139710702417767 1.0430234348385 0.239638271707111
1.34072634395949 0.129300933825912 1.34459857965455 0.26230424372031
1.3296185585065 0.152722848826165 0.915573901254385 0.262806744952389
0.844651108103302 0.128887231032637 1.21661190919594 0.316131461682421
0.850676906128175 0.126685092784271 1.02470315000114 0.289527086543349
0.967496877174246 0.124720310479476 1.08967193705808 0.262715037489472
1.56063019291076 0.139550807728984 0.967229501278795 0.275472362077658
1.45514586274519 0.152040497747405 0.933077751279929 0.251863135725535
1.41407804744677 0.139249189152128 1.00660800475236 0.267934459638887
0.899738509961927 0.125871660417714 0.84289161281449 0.298183162080938
1.19980165830281 0.128150928602749 0.897457859121635 0.32462581693383
1.09783275168592 0.122610698096416 0.997738464070542 0.260818564424853
0.492852178105854 0.157518116423831 1.01504057115725 0.294832280199301
0.370645241211651 0.153695639901961 0.882449074243724 0.295676157496273
1.24702866343413 0.144234420784419 0.936810180349926 0.235071630570386
0.463448518867066 0.151478098473084 1.01897727973933 0.231970917927721
0.851446508819274 0.130274021826612 1.2207605071762 0.316063206726039
1.1560979605103 0.111167164113356 1.23342924158307 0.274253604041474
1.21088560246864 0.165050461314135 1.04306106823686 0.315137058626688
1.09047601710356 0.150122980514157 0.916373091003192 0.238540624892128
0.757174437596264 0.138683531428641 0.880641846084032 0.311242098869006
1.43046014161596 0.146900463000004 1.00896236476432 0.329945372059057
1.63434206109193 0.153802012277065 1.06309531129096 0.267490500741703
1.32777209599396 0.133089098461068 1.21716414789017 0.284719280585731
0.345023744562717 0.174982521501519 0.881171462110873 0.299103703802295
1.49629134533158 0.170411468379336 1.17668617254473 0.295665264159697
1.07055806716341 0.131617378912872 1.03823454341115 0.237210770962592
1.1233573250031 0.143797154482908 0.915407518135504 0.250841590035772
1.23247905213843 0.119959608788922 1.043505546291 0.234281519334436
0.896482218982837 0.168548759243988 1.01966826351005 0.300125022060605
0.964938786786097 0.121226879943076 1.27980939759219 0.286197744684333
1.4376942827024 0.140270368951862 1.03677996093565 0.299020284591798
1.31620292597698 0.128820224131371 1.01955387822589 0.216333814333531
1.31389191717492 0.142958972341952 1.2213113249134 0.321508342472355
1.84089109104347 0.187162277404803 0.883657525889137 0.302512810081758
1.22910097935703 0.147784643843267 0.785769339421292 0.282982010282733
1.1625961528064 0.122967920018331 0.781502707721024 0.345207425753913
0.217624499644207 0.137924718489981 0.798090057210187 0.307924435131164
1.98772499297437 0.149405580175505 1.05155463633968 0.264025402550694
0.795944271089634 0.140993989403105 1.08161855706327 0.29966619200467
1.81143042159657 0.155654621994861 1.11696578989452 0.260376230048846
1.20982531828307 0.115261556242993 1.10166759324828 0.245826727154165
1.57086907477323 0.149456173852666 1.05268443784704 0.275127025109077
1.03351690332522 0.134550274212179 1.01649779387746 0.346477008931406
1.14544436959889 0.142586530809692 1.00298877059908 0.270491423719415
1.06237438211618 0.120520366481018 0.940441713390952 0.280871642508594
0.913885966355506 0.14076231784418 0.97158677827665 0.263042882630413
0.943717724767061 0.136276356571881 0.81701493608035 0.289391208502665
1.35018845288225 0.137254421147993 1.01787084551457 0.258765917112294
1.01049680463874 0.154058740620758 1.14366482090615 0.358916889141601
0.274332788992954 0.133812628405212 0.958955024115616 0.26962270325701
0.938377008890893 0.140303553315385 0.98498462205056 0.281174046841868
1.2370858949972 0.128716074695368 0.827720004283099 0.303931430981993
1.21924419322589 0.122630318129258 1.14786038262641 0.248694219914841
1.25640362050682 0.141329198436518 0.833935082899745 0.222273077879646
0.460183505564532 0.158268870628265 1.04605995459546 0.272823877789387
1.23857481971532 0.168979082621201 1.08389621194248 0.238950768640605
1.32088908627418 0.172097162767527 1.25700410326664 0.291492290917097
1.40831058972878 0.147013841099212 0.94759308166256 0.294271669969586
0.985285381565393 0.15865463864809 0.997389628511097 0.286812215136116
0.858409144594698 0.143488805343354 1.03221175103247 0.287314460333109
1.57822748240769 0.131471388028359 1.07995987421871 0.285468633098335
0.434613292493305 0.140331286220406 1.1899729033676 0.246400200208118
0.799149947019306 0.129806346669314 1.00210284301088 0.25451939572588
1.08998746761584 0.126124594331983 0.784196722437618 0.337969361433259
0.286364792641662 0.156672981811109 0.91646672269753 0.259067333677411
1.17091309932978 0.139274400258352 0.922834876070116 0.299025742679257
1.70444822882589 0.130623965266478 0.941360824660381 0.243942083505163
1.01107292631417 0.117059152715503 1.0464134565417 0.254695876361069
0.871451158872988 0.125910235814428 1.01222723581929 0.302947689345408
1.11175078679154 0.139571974733184 1.02135892640143 0.198703277276291
0.823040647731559 0.125527271181178 1.04547556676941 0.305558562585075
1.26497778875287 0.14607432562339 1.10479361203961 0.280042681793354
1.29935133957154 0.160932665870283 1.11305651811656 0.259350535087298
0.990804605647484 0.141469124775309 0.95656563330063 0.271138764370198
0.582287581377569 0.128733034968903 0.876774483536547 0.322140818424634
0.494705168557419 0.156125513305505 0.838194245640757 0.234106055472492
0.824329883925597 0.114671993373742 0.918938371387928 0.258596155002451
1.38461756057851 0.122864901438089 0.884780856642106 0.276267964632131
0.315761764497818 0.161221519680859 1.1517312134963 0.245999289406465
0.263994878940698 0.138763282777443 1.10112458430881 0.272064124741429
0.7055267104975 0.155903727354833 1.02633785862427 0.301760953456058
0.971775888645047 0.136250221134342 1.11191858315984 0.299662816220436
0.663262147473632 0.125045530992406 1.25692143008653 0.31511779304074
1.29786703129256 0.141753685789827 0.98649224734744 0.29800555973493
1.1149283752147 0.127181334141035 0.856906965762373 0.273677077584057
0.859035961748964 0.14606108685599 1.18412070700335 0.277362734867524
1.21285705884017 0.168045310647726 0.874686593526956 0.269727409456187
1.17121685056437 0.13798933223323 1.1836032572363 0.286787973270952
0.795481492007047 0.179727622927016 0.943175480096818 0.293141907100506
1.08861770800519 0.166385276054288 0.931313700565468 0.25710135564958
1.23437837619284 0.135973541576252 1.05695655481713 0.295904870661191
1.17705308671469 0.134544914211745 0.933160835833086 0.290945766703033
0.779520152744267 0.158280197986752 1.07189976452872 0.351099275541526
1.30493629797534 0.128743108626628 1.09533171734518 0.249726217727003
1.37113405957652 0.144413681058039 1.15629076542718 0.290757286200075
1.10251214286377 0.147560576781132 1.00957257342138 0.287361369851597
1.08714361907045 0.148797066127805 0.951465883368656 0.244171240622595
0.933877136499381 0.117041596569539 1.08445945583773 0.263783672087126
1.7772682857462 0.160329927260977 1.16101522099078 0.325418759260884
1.14073974407934 0.129564123185233 1.03658222058418 0.301441563726888
0.972891862106161 0.148328035369501 1.1171606150797 0.291210643525546
0.0841425609164206 0.163664817080376 0.808319308432458 0.317073329856319
0.511043596287928 0.156177145045955 0.958795078933489 0.262821008568795
0.775042591422828 0.14454163806054 0.942844004631999 0.249559581495997
1.0864105795204 0.120304855557054 1.00930420560023 0.293535546529125
1.02271439373603 0.155463629535551 0.869681379466552 0.260116687540694
1.26616974912806 0.146203764687482 1.04650938942307 0.240467195217514
0.826778692048092 0.138543666167311 0.957681916859049 0.243726085600025
1.48022234604034 0.15951549093888 0.977982861494814 0.344524428640453
0.768271208616176 0.154046543276528 1.06389046958159 0.233673656095631
0.428414918872742 0.160151473253819 1.18036238434308 0.250501741460411
0.447498000715147 0.1296381079439 0.856117868090299 0.305702253550311
1.35940496188738 0.148720160800312 0.944089617268526 0.254421863014002
0.897486325159992 0.126302437953196 0.991564083590085 0.272959002900338
1.26013202191637 0.157228508714666 1.13222293491141 0.279695282733481
0.898931004005617 0.134366912779915 1.05161878438292 0.304340905563917
0.735385213099516 0.128351900958103 0.988963249476329 0.292887188540627
0.779408140861627 0.131707499702207 1.00898264461832 0.326269301689958
0.325372135550221 0.132797403694684 1.13841191635182 0.250408031439865
0.480998966998782 0.171231724877985 0.889838665370542 0.312402923655282
0.427699557159538 0.131826754657035 0.995153055127345 0.259568029404341
1.4353728220505 0.151055966050114 0.959171394352531 0.273657950948851
0.765354103305469 0.140907239767743 1.18534850574348 0.229060227929469
1.30905364836432 0.149162160160081 1.04954973373808 0.270784930908137
1.51845932784254 0.146813287639178 1.03539357357194 0.270881800525863
0.880348784752058 0.123272372235129 0.918226375936782 0.321966676889839
1.07103122642932 0.138609981925111 1.1249817864459 0.326987585721453
0.364151897893381 0.157816597710244 1.10080386193601 0.300598917765811
0.728248596045535 0.113496784299503 0.933271178623444 0.236787254896004
0.95112044102392 0.155707512976858 0.871091201943559 0.260534077718699
1.06493786535879 0.144482034057867 0.839185721639649 0.22515844494744
0.869052757133375 0.138722294753793 1.01950819117644 0.302510869762182
1.86612976632208 0.172181323472162 0.755213737157907 0.24036286829825
0.925788120411558 0.149154446617704 1.03656423860551 0.279049916300903
1.08271979282864 0.153342862299941 1.0611374441894 0.214194188904158
1.26171385569633 0.137409982982965 0.978348358420177 0.370933636182642
0.957201776901461 0.170951429750254 1.04428702685349 0.36533277998597
0.685821279959243 0.142280168664296 0.836285758622701 0.305962074275374
1.38414424055339 0.158266214311733 1.02475964152656 0.269121344628744
1.69885838816786 0.172621602671818 1.11979987234481 0.225006226544126
0.921308790927065 0.154150276339834 1.04093449040274 0.229883915695821
1.20471792855713 0.130824847078809 1.0078149134282 0.220724274278255
1.05027620605978 0.136130996738078 0.97692610082616 0.282552394866706
1.40005256496584 0.141975129724094 1.03990495847038 0.219976069757108
0.630191206925828 0.134896610386107 0.716725094692922 0.286953120938506
1.90941593801569 0.154583480824089 0.923598384722868 0.251926279509343
0.769826260982248 0.13428164665573 0.866102887196843 0.268130233409663
0.441016374081577 0.142790185365932 0.982800132497744 0.350682156875291
0.916718217777243 0.121091566435179 0.787237232734084 0.332428904386243
1.0737214889212 0.135015314755655 0.938212684720368 0.308791986059413
1.51560719761879 0.125968781390022 0.89962059530814 0.277473816698271
1.21488099920938 0.155797839607233 1.09034973431962 0.295805057040355
1.02898727839456 0.114532930889075 1.03806271317654 0.274698598648482
0.642576948257883 0.173625403704548 1.0564710915312 0.277424436377499
0.768877208264686 0.134282147250839 0.744615692209623 0.301843638978064
0.938149487234913 0.133102446982551 0.958935462277232 0.275020067539368
1.90796882830256 0.166303417878704 0.87286738011491 0.293801381194905
0.384037422293404 0.157382600056047 1.16417066884171 0.257329794651712
1.31682248426838 0.138352657897078 1.0177996625521 0.298633467601159
0.672021887356571 0.170878678653019 1.04829178789777 0.248162762136062
1.53170771401817 0.154330423022807 0.88512075835437 0.260159225128209
0.612852366285288 0.123694347608913 1.03067065517395 0.291215903809379
1.01232824822317 0.144576277167807 1.03805674408189 0.232658567988619
0.488530385728012 0.146950812200262 1.12526630960842 0.317795223401812
1.26886197998901 0.111161208461823 1.0563626431103 0.275936010291588
1.46660169111754 0.144696483409143 0.909008175672572 0.326063482423692
1.60052411316248 0.167645259781245 1.10714021277933 0.276964008559704
1.23980899520394 0.16049251534924 1.14508097076558 0.281273230664453
1.74196660349069 0.143323302807787 1.01292487664183 0.273717842923438
1.46852380590435 0.152483119902087 0.938699891291458 0.257930211388822
1.03056468525855 0.129036308927265 1.01723284199371 0.311700473450578
1.13931796095769 0.155988998299591 0.937007395646858 0.288995431233916
0.637607500608395 0.133731704805459 1.05579810692915 0.296331454563495
0.944540935956527 0.114913919732629 1.08825293920675 0.287104059017876
1.4286969885716 0.146974233159033 0.919662815161169 0.290114840913664
1.08930629643319 0.142059361982027 0.851246519777733 0.264117172454515
1.17451011005732 0.133757388588228 1.13633088316073 0.248055020595536
0.633666825309046 0.136907651412724 0.847677139066687 0.260820981654992
0.769768898207 0.126449533949241 1.01313916109222 0.327168040008541
0.720026014909242 0.161389463761375 1.32997227222731 0.284306760087057
1.156666064635 0.13353486536228 1.01849912802112 0.267304452923239
0.717956725842918 0.196447866810902 1.02378635756382 0.248636109829398
1.20765110126053 0.143457161637766 1.04974184270448 0.318807417293878
0.5709048079025 0.188414921220695 1.1036451980544 0.295970304702955
1.57184161157201 0.169228333090683 0.771421654221058 0.28175635273766
1.13433597938521 0.124480556051201 1.12041447328573 0.282193092263782
0.738288033504687 0.140843811718848 1.02730427301822 0.322774713373584
1.11937148660979 0.120647469846568 1.02187103732642 0.264811517644111
0.918609032337938 0.139173929976916 0.969302601230433 0.277568141448927
1.17468104297378 0.124770386842016 0.957989839625804 0.239336149986744
1.11210280849706 0.132649769741088 0.983378706119408 0.317791532035095
0.748064674094169 0.15392501288273 1.11481118517902 0.291754418183389
0.787876017814963 0.159259688640187 1.1420751980678 0.290671806815732
1.17803077260889 0.128472041647794 0.949058239940867 0.235251790481567
1.54170716605827 0.165257500690796 0.981992444273062 0.263606582984414
1.45457178061991 0.140776396468944 0.993563898226965 0.235746820338224
0.682500513940917 0.148868386548253 1.20412805628372 0.249216127382472
1.33438807552159 0.129997143796527 1.29461011078481 0.260438654619914
0.972117773373317 0.0998922209788516 0.914703050796994 0.231573633360216
1.11404414031334 0.15026572973309 1.07411713217351 0.288549872306228
1.10027599958533 0.112212614420727 1.03455795938763 0.285598460067411
1.98575922149006 0.179762937486361 1.0529452981885 0.261643775191898
0.530532789998972 0.123187663178289 0.843023415891855 0.287502807117158
0.965334861273395 0.156609267671814 1.21537679611827 0.347440327053932
0.468875776976385 0.168549022157217 1.16646349798266 0.281732006019508
1.15197641980998 0.15294350694637 0.832249379874449 0.281657137994371
1.49284995067761 0.155227138110805 1.18723164628726 0.283350725628398
1.52375800025463 0.158069960409121 0.922079189634633 0.245495309663702
0.299484051946446 0.156746340729351 0.94091820139263 0.239385181146496
1.13298371084272 0.169043832821799 1.00042585082413 0.29783524943847
1.54479009722934 0.152936472806637 1.03480179628851 0.311356757195929
0.903205838898264 0.155969284116173 0.895860859854157 0.254082290393135
0.838546203892857 0.119786148863362 0.912867991937146 0.248839795433952
1.09870283645312 0.137549933126165 1.09051714307316 0.312409054541858
1.04575383304245 0.149588725002001 0.874014299507336 0.327133729523392
1.24655299939929 0.117909142927581 0.990674600720092 0.271520647885866
1.48530912696774 0.147638683209076 1.02842568548162 0.237385787328971
0.91723771084365 0.132415697167993 0.891698496656686 0.291590713585385
1.1142044901358 0.122977407392488 1.00321868127414 0.28653505061012
1.89025167527958 0.168942521347008 1.10700825498598 0.279610377285
1.15298480212214 0.140483519155177 1.04044209372433 0.290232149833499
0.986330681888432 0.132999030407655 0.815443417030797 0.256883196728678
0.609152756342583 0.161002840883669 0.907947690777831 0.267689874406714
0.98445590826257 0.13922296782911 0.912889047192865 0.265680784325476
0.923012830046849 0.144618783224876 0.818060398068195 0.281583747668327
0.914089815958079 0.149823068756895 1.23716143454948 0.280900834982944
0.710107322527254 0.119855734301578 1.04482179584488 0.254937819537628
0.755005617333627 0.14947520453408 0.897940123516322 0.305268087475808
0.891855433030069 0.16356925891736 1.15287225392292 0.287592832204868
0.944891360748727 0.133042067035937 0.928133278252391 0.274512390092153
1.59641112008164 0.146624508744079 1.05033864234481 0.323741040872548
1.34534757756421 0.11899765017316 1.01142722061615 0.294794122065986
0.848826326490754 0.157788824958356 1.05951654746411 0.276672285446126
0.384629774995989 0.170171716732466 0.673900523045296 0.309086898662009
0.690953703943097 0.141353327350705 0.977315546256124 0.328152961821717
0.841322365367192 0.132988727279871 0.901096093908753 0.270660589245639
0.991706786718559 0.151432578338692 0.972360559891607 0.284711164909956
0.90332928675504 0.147370101701087 0.950151064429249 0.217230642864233
1.71805248612065 0.165371589405702 1.34372732423725 0.306669017455676
0.968270565977555 0.129424721037457 1.1509773917605 0.269621110939894
0.583241599696913 0.112286322487849 1.06946009939818 0.33078209377925
1.13209233154902 0.164222633686744 1.02017772127484 0.29394980131974
0.619844244999787 0.145640420883613 0.828298255854088 0.284767273408151
1.09910089590197 0.146585889606956 0.889141933879654 0.310367380688769
1.0842717710357 0.0910346041926762 1.15006474729442 0.313817455398074
1.16421226348386 0.138559368483053 0.716300922047629 0.251718579559652
0.471875646933509 0.128908249325788 0.85573625717281 0.223340213384934
1.07852229667057 0.121029158424802 0.831196163258715 0.311618329437076
1.06878183186532 0.119055506387934 0.912739882055867 0.231626907592
0.486754075851707 0.151939674036888 1.04977384064209 0.313505849503437
1.27978812134819 0.160076749856194 1.19488823257191 0.255499901316441
1.20758949413099 0.156067208873254 1.13926448287294 0.257770013562067
1.70997948219256 0.17762377790564 1.00364562984245 0.282653878037436
0.952594479834841 0.163008350492561 1.22891412016948 0.307979017978393
1.07752768671412 0.127393539099899 0.903387442824159 0.325768345277054
1.05114481368964 0.150253232047387 1.05821391406917 0.240658351542981
1.02626689946964 0.116620399004061 0.955827904752847 0.268883654213477
0.344839825813857 0.172864530253269 1.02510771334352 0.304007573731107
0.401184854812968 0.160466503553259 0.996147159808755 0.31590421908237
0.941350677295348 0.134606627615417 1.05009602705782 0.278275813259215
0.820785068993925 0.183356775467573 0.903849823620004 0.312744035658854
1.02031512090143 0.173721274366795 1.04105939408833 0.289721481312606
0.292895833307098 0.159821250913419 0.950734656178242 0.286634495646515
0.417109011347284 0.171402163366575 1.10108537475207 0.323810455942575
0.589079529813649 0.145783078255909 1.00410142991886 0.326523655699638
1.37043842289689 0.143974567930653 1.12254643937878 0.29573713776883
0.596136777990879 0.131265180312203 0.913497389257123 0.286369505365628
0.677928865920212 0.1549757458437 0.963310663079771 0.285770633665183
0.999782852726583 0.145637060022151 0.732531335504342 0.307366522563987
0.892680332770138 0.135166165215485 1.00258137624148 0.298387133471617
1.05856024952688 0.117573690942546 0.889869084565841 0.246346687450699
1.91763794331961 0.154780788334452 0.934051548904074 0.243129402438119
0.571402234087919 0.159966384273187 1.07535058967896 0.245413789130989
0.944123092017646 0.133620196326348 1.01667927443826 0.272661156114155
0.683744028035445 0.148712867231877 0.912799396241864 0.291773615934776
1.49548113866358 0.141610634406085 0.947019088831955 0.247167449465433
0.691806704363845 0.10260546725001 0.95997043743956 0.266299146588772
1.04471834967331 0.135973800639483 1.06070761690666 0.305501701400579
1.16322667637196 0.174147479826866 1.02140842695636 0.357269710139549
0.546980532005966 0.160531577332454 1.08744123733498 0.284760810049135
1.60903572847977 0.141451932548475 0.893261111938926 0.26305589830138
1.25439122652767 0.141296433329422 1.04375297076609 0.305932425511296
0.573064899897683 0.116472050975636 0.945973654641824 0.267908929545875
1.18157759575248 0.135032122685675 0.921262855920729 0.219023383081753
0.874347715504527 0.13727925175354 0.983920602081492 0.284936182449055
1.09309063985278 0.12351316275418 0.886037264016799 0.256347489987298
1.11123510938987 0.122948969665397 1.04020704824128 0.231069590134862
1.46249871069714 0.164551331078389 0.871274623617275 0.292595226118841
0.461297700039183 0.136363489566786 0.928260272197432 0.275947553897697
0.828906169560573 0.156370400659684 1.08176999637867 0.274723105155997
0.946186963170925 0.130626862181249 1.34121309770032 0.307354532002355
