study	rho_orig	N_orig	beta_orig	se_orig	rho_rep	N_rep	beta_rep	se_rep	
1	0.595	 24	1.370	0.218	0.148	 29	0.299	0.196
2	0.611	 24	1.421	0.218	0.230	 24	0.468	0.218
3	0.425	 25	0.908	0.213	-0.215	 32	-0.437	0.186
4	0.229	240	0.466	0.065	-0.006	270	-0.012	0.061
5	0.461	 32	0.998	0.186	0.135	 48	0.271	0.149
6	0.595	 24	1.371	0.218	0.396	 32	0.837	0.186
7	0.715	100	1.795	0.102	0.131	 15	0.264	0.289
8	0.561	 48	1.270	0.149	-0.111	 33	-0.222	0.183
10	0.699	 32	1.729	0.186	0.781	 32	2.094	0.186
11	0.672	 22	1.629	0.229	0.466	 30	1.011	0.192
12	0.178	 48	0.361	0.149	0.083	118	0.167	0.093
13	0.525	 36	1.165	0.174	0.525	 36	1.165	0.174
15	0.195	 95	0.395	0.104	0.247	242	0.504	0.065
17	0.305	 39	0.630	0.167	0.435	 47	0.931	0.151
19	0.560	 32	1.267	0.186	0.402	 21	0.852	0.236
20	0.224	 96	0.456	0.104	0.019	108	0.039	0.098
22	0.219	 18	0.446	0.258	0.065	 32	0.130	0.186
24	0.364	154	0.762	0.081	0.284	 49	0.585	0.147
25	0.348	 24	0.727	0.218	0.273	 63	0.561	0.129
26	0.161	 16	0.325	0.277	0.144	 20	0.290	0.243
27	0.378	 32	0.796	0.186	0.380	 71	0.799	0.121
28	0.342	 32	0.712	0.186	0.103	 91	0.207	0.107
29	0.738	  8	1.891	0.447	0.704	 15	1.750	0.289
32	0.623	 37	1.461	0.171	0.481	 38	1.048	0.169
33	0.517	 40	1.144	0.164	0.316	 40	0.654	0.164
36	0.714	 24	1.790	0.218	0.682	 24	1.664	0.218
37	0.551	 12	1.240	0.333	0.350	 18	0.730	0.258
39	0.367	 68	0.769	0.124	0.102	153	0.204	0.082
43	0.347	 67	0.725	0.125	0.161	 75	0.325	0.118
44	0.352	 70	0.736	0.122	0.150	180	0.303	0.075
46	0.023	230047	0.045	0.002	0.024	455326	0.048	0.001
48	0.225	100	0.459	0.102	-0.052	200	-0.105	0.071
49	0.378	 36	0.796	0.174	-0.030	 88	-0.061	0.108
50	0.208	 98	0.422	0.103	0.155	109	0.313	0.097
52	0.206	133	0.417	0.088	0.094	113	0.189	0.095
53	0.377	 48	0.793	0.149	0.077	 75	0.154	0.118
55	0.230	 57	0.468	0.136	0.066	 71	0.132	0.121
56	0.379	103	0.798	0.100	-0.042	 83	-0.084	0.112
58	0.167	186	0.338	0.074	0.037	280	0.074	0.060
61	0.220	110	0.447	0.097	-0.005	222	-0.009	0.068
63	0.274	 71	0.562	0.121	0.074	148	0.148	0.083
64	0.425	 82	0.909	0.113	0.114	 71	0.229	0.121
65	0.432	 45	0.924	0.154	0.012	135	0.023	0.087
68	0.186	122	0.376	0.092	0.003	226	0.006	0.067
71	0.222	375	0.452	0.052	0.073	177	0.147	0.076
72	0.208	261	0.421	0.062	0.044	251	0.089	0.064
73	0.323	 37	0.669	0.171	0.200	120	0.405	0.092
80	0.260	 46	0.532	0.152	0.155	 70	0.313	0.122
81	0.268	 94	0.550	0.105	-0.102	141	-0.204	0.085
82	0.300	 50	0.619	0.146	0.270	 50	0.554	0.146
84	0.503	 52	1.108	0.143	0.218	150	0.442	0.082
86	0.212	 85	0.431	0.110	0.119	140	0.239	0.085
87	0.396	 55	0.837	0.139	0.013	 51	0.026	0.144
89	0.140	163	0.281	0.079	0.029	304	0.059	0.058
93	0.317	 91	0.658	0.107	-0.135	 76	-0.272	0.117
94	0.344	 28	0.718	0.200	0.290	 61	0.596	0.131
97	0.378	 90	0.796	0.107	-0.037	1490	-0.074	0.026
104	0.127	236	0.256	0.066	0.018	1146	0.037	0.030
106	0.382	 36	0.804	0.174	-0.223	 47	-0.453	0.151
107	0.222	 86	0.452	0.110	0.105	158	0.211	0.080
110	0.554	280	1.250	0.060	0.091	144	0.183	0.084
111	0.333	 59	0.693	0.134	0.226	120	0.459	0.092
112	0.701	141	1.739	0.085	0.750	 51	1.948	0.144
113	0.681	126	1.663	0.090	0.764	177	2.009	0.076
114	0.571	 32	1.297	0.186	0.653	 32	1.560	0.186
115	0.502	 32	1.103	0.186	-0.450	  8	-0.970	0.447
116	0.288	173	0.592	0.077	0.323	140	0.669	0.085
117	0.131	 12	0.263	0.333	0.121	 12	0.242	0.333
118	0.214	115	0.434	0.094	-0.049	166	-0.098	0.078
120	0.380	 31	0.800	0.189	0.250	 43	0.511	0.158
121	0.852	 12	2.524	0.333	0.829	 24	2.370	0.218
122	0.722	  8	1.823	0.447	0.923	 17	3.217	0.267
124	0.384	 36	0.810	0.174	-0.034	 70	-0.069	0.122
127	0.685	 32	1.678	0.186	0.527	 26	1.173	0.209
129	0.372	 28	0.781	0.200	0.018	 66	0.035	0.126
132	0.247	 25	0.504	0.213	0.179	 30	0.363	0.192
133	0.446	 24	0.959	0.218	0.423	 38	0.904	0.169
134	0.210	119	0.426	0.093	0.500	238	1.099	0.065
135	0.005	684	0.009	0.038	0.106	3597	0.213	0.017
136	0.498	 30	1.094	0.192	0.102	 58	0.205	0.135
139	0.496	  4	1.089	1.000	0.505	  5	1.112	0.707
140	0.234	 84	0.476	0.111	0.044	125	0.089	0.091
142	0.593	 82	1.366	0.113	0.610	 88	1.418	0.108
143	0.173	 57	0.349	0.136	0.062	 78	0.124	0.115
145	0.769	 80	2.034	0.114	0.653	 40	1.561	0.164
146	0.650	 30	1.550	0.192	0.497	 24	1.091	0.218
148	0.189	208	0.382	0.070	-0.030	263	-0.060	0.062
149	0.189	208	0.382	0.070	0.018	318	0.037	0.056
150	0.723	 14	1.826	0.302	0.208	 19	0.421	0.250
151	0.400	 43	0.847	0.158	0.003	126	0.006	0.090
153	0.860	  8	2.583	0.447	0.120	  8	0.241	0.447
154	0.430	 70	0.920	0.122	0.110	 16	0.221	0.277
155	0.310	 53	0.641	0.141	-0.034	 72	-0.068	0.120
158	0.375	 40	0.788	0.164	0.411	 95	0.874	0.104
161	0.483	 48	1.055	0.149	0.178	 48	0.359	0.149
165	0.284	 56	0.584	0.137	-0.175	 51	-0.355	0.144
167	0.595	 18	1.372	0.258	0.254	 22	0.520	0.229
