beta_orig	se_orig		beta_rep	se_rep
1.03972283338481 0.103185073168103 0.722601829399061 0.332636675536664
1.14965914965013 0.103951455336739 0.321466298490565 0.322652735892869
1.00290033602624 0.103605357513482 0.697028292567296 0.371183287647527
1.0823083642588 0.0999479202632611 0.53004233099145 0.292090127414272
1.06334538636757 0.1033243437561 1.15688831376263 0.305832634185675
1.00149407136571 0.102502742444767 1.94242978828178 0.371506533707992
1.12296789142126 0.0938700329935651 0.729509300039526 0.303135222588727
1.07326827480811 0.0923719309283886 1.58720282028361 0.335695424290851
0.896629865056903 0.10503857554154 0.554661948565388 0.285821309602366
0.877543842369194 0.0978557097487787 1.49942791014803 0.436955469496633
0.935303184805711 0.0963773432912084 1.24317504832348 0.346067781775057
1.20208506172073 0.0965879363343885 1.10760810456073 0.314970863878358
0.860318295809391 0.0974421651810709 0.934827853402768 0.229425538527838
1.01277048102398 0.101256725208948 0.592898477086407 0.23136671944279
0.941179742380068 0.104622248263533 1.50075436340649 0.307323908919148
1.11912032567251 0.0969797773966981 0.474851083095647 0.351552987597458
1.11779423172615 0.0995969678921395 0.795124263144263 0.360484936204231
1.08614969174995 0.0983672463136855 0.975946660793137 0.292281197419419
0.784691165525995 0.101323189909271 0.617984320705506 0.343871948673163
0.988085353862571 0.100342620914891 1.04904527645272 0.364918300345359
1.20574658438795 0.100154643046195 0.745094262200226 0.327404607103907
0.916617729818365 0.0985167998758609 0.820663620886913 0.23641104315535
0.843668683983003 0.107145959901308 0.706214088654994 0.345230639002637
1.04937297992356 0.105971232016157 0.838049557473605 0.317488007946018
0.834904967430535 0.103222342382023 0.916178904470003 0.336954641746578
1.03253030385079 0.103139146708833 0.936008742019527 0.325965608100004
1.14370305595592 0.102702233455194 1.12490343943894 0.348756652247798
0.893100779083609 0.100403372757759 1.46372138496277 0.308734708332362
0.905435534518025 0.0980590426170822 1.74702310729525 0.288891829084129
1.0169334567892 0.100438516195332 1.38166526069522 0.312640713634774
0.92972911809897 0.095786361261664 0.769092814961811 0.340110171844589
0.924524506130338 0.104935294215827 1.06468341894616 0.241894383468569
0.979289287668865 0.0998821801778895 1.39481243810097 0.368636791357676
1.09712148217477 0.101087337683583 0.905164521120395 0.280631207884418
1.05938051630122 0.0983615996427152 0.58931871809552 0.252981335871045
0.939900749521466 0.100360834104916 1.34748447602149 0.328952058707411
1.00437351169762 0.0948373525009595 0.807966437475837 0.3417477669123
0.934181594040095 0.105886938088042 1.16845501678311 0.329865518529166
0.995739243849656 0.0974804466078683 0.415027719469847 0.413384121218734
1.03707897355878 0.0917918548872125 1.08388091169035 0.305040557027316
1.02643525018879 0.101372913442509 0.791695360252475 0.383754132089767
1.03205521625281 0.102394531171256 1.23080338509076 0.350062473555992
1.01886703223416 0.091367031318313 1.83941274426942 0.339317034369616
1.08477614526179 0.0971848885988824 0.872539779208799 0.307631214492036
1.06580790616582 0.100845671352642 0.665800708084182 0.355246592488419
1.03247084312418 0.0981247007799052 1.42653322668839 0.349460248154531
0.982427776095279 0.102216523780094 1.03498189968619 0.368551698838431
1.01039229561319 0.099044824780905 1.53714760816851 0.280215241002959
1.07346926243223 0.103405989523827 1.12795885667886 0.348049159929071
0.794564458833781 0.097162859592204 1.49190875495863 0.333486911499269
0.91742214576458 0.102205022032189 1.53085059917193 0.309791700058597
1.04462165757913 0.101942446745221 1.38188930020931 0.246672673850038
1.08513021887842 0.101314614200879 1.49367977037623 0.345730683477775
1.12892864025503 0.101447251327734 0.207908072731248 0.327617841923508
0.879600517685977 0.097223740387254 1.34866497397236 0.346709434104648
0.996536226342455 0.100083312931194 0.5617374498474 0.393293703109688
0.806155746960172 0.0943906070701164 1.1872137229381 0.349550943745356
0.997846996388007 0.0976735775471166 1.43218820437461 0.281536332378216
0.964115878594146 0.099193619132048 1.12156615659438 0.339223043502734
1.11412762096777 0.100208459013493 1.0247165349091 0.348749371320585
1.15991412907901 0.0997405330799422 0.875363310429354 0.288783909745409
0.972687683321065 0.104382754480478 0.716106836030254 0.304191897503461
0.878669459688958 0.101355395516295 1.22009842102991 0.308417183395076
0.957136805013465 0.100342157402212 0.409914342784457 0.306588486476148
1.19207893663932 0.0968165216753621 1.00407618632461 0.425735820873436
1.15263838862554 0.102102354071238 1.17057563368205 0.306172178411375
0.897047104161334 0.0980561306247768 1.15514466711049 0.304288263371569
1.09180149430951 0.104934818750252 0.61940874630258 0.31548292624843
0.973747603258868 0.100146294009038 1.57773062720355 0.287550185935199
1.07598210499965 0.110424967514042 1.10091005316724 0.2866364570479
0.925101237808779 0.0971652315007542 0.992245083043028 0.36176700957213
0.937861050786641 0.102218888949199 1.07495780582381 0.291556880099926
1.02686350576568 0.107409521881655 1.65642893402541 0.327865521438487
0.863768018642429 0.102911282595361 1.11663639986575 0.303585899411604
1.25339097469136 0.0986097680257277 0.481892704497691 0.325981377461726
0.850455899687405 0.101843432407016 0.599441074889042 0.291421204221356
0.992362732206096 0.0991684033517111 0.712054638311966 0.32796650855573
1.04875861925619 0.0958763410702256 1.19039823597879 0.400143568978047
0.915885068713368 0.0909868427821458 0.839492028241765 0.317672903733732
0.936772327712994 0.0970367731557927 0.822364696765235 0.336806151815303
1.03213874379492 0.100045800833511 0.894145830997204 0.319145127024412
0.850611040712131 0.100537496707735 1.27794391985722 0.325936147054578
1.04198482598212 0.101599376399575 1.1567189622705 0.275379981113288
1.15175022451506 0.0973501035610079 1.14420206666937 0.343420490679889
0.864201401243315 0.0962743855630025 0.749056565859339 0.369218400434522
0.957600711354642 0.103674996773406 1.14855710598745 0.315602336288845
1.12764702980386 0.0984894021565535 0.941560807127854 0.230197162856843
1.06775214943479 0.0941067915940708 0.806394883128203 0.285525011042499
1.16145470665643 0.0970573437371001 0.837960659351829 0.305863969538225
1.19904415202434 0.10510177936258 1.45282794702872 0.273050038044807
1.04961347004165 0.10592241487062 0.833119377436638 0.256247458277084
0.908608587484646 0.104356871074945 1.03869291147071 0.28243446216753
0.990105662674758 0.108340132272148 1.36202758792958 0.249300163501274
0.966807466553905 0.0981597234367181 0.520258691917139 0.32619211061614
0.980338820312211 0.0958384661670964 0.738561226166194 0.27623538076692
0.85239328217632 0.094918353356768 0.392074148936969 0.325594557058491
0.997045341300372 0.0963228354336444 1.33145339702397 0.309826303316403
1.07735718577201 0.0944914430479263 1.22405356387914 0.356433247144854
0.918595103848155 0.0981698531680242 1.11442318622036 0.273991542066445
0.941360672041478 0.0996550067490398 0.365639541182212 0.345446350025678
1.1323306953141 0.0995765308815574 0.93511770252227 0.300169312303471
1.04905053385514 0.104506908752704 1.20409219384679 0.30718965080763
1.07847994276685 0.093767250834141 0.576197378396354 0.369903221541695
1.13722197497589 0.0978168252562749 1.50014834275867 0.381222256585677
0.951618503472171 0.0940657881942316 0.714015616679902 0.356001156631633
1.08908641384234 0.0944059994726469 1.21882479222305 0.286342688892649
0.852744913957547 0.102750093946808 0.993821981094413 0.346364394639843
1.18423819830753 0.0942319566400826 0.603817888911948 0.321998847689948
0.927420241708374 0.0990597840943532 0.338900397073772 0.306446509977343
0.951087320703758 0.100373346762764 0.247876295953865 0.311121861002047
0.95658936681989 0.105853042889169 1.54586799328466 0.374779904567749
0.896603116533492 0.103956590701325 1.19066095493311 0.272365440913271
0.935038482985264 0.0957782150581084 0.70016577571491 0.364676027434321
1.15868595691521 0.0985624363630681 1.02757165917331 0.333122817415087
1.15093847671687 0.102913435041515 1.06248349878021 0.348440012170123
1.065852621391 0.0945420754530281 1.1320816225765 0.326928109240918
1.10308340199445 0.105951358548342 1.08908190944121 0.347831274635861
1.11318788158027 0.103217720220118 0.429158754764198 0.33184988629512
0.975647997765362 0.0965801237566821 1.17053573908344 0.313014763424478
0.881620071287704 0.0987380624417272 0.745381504568261 0.339302962839868
1.175907661116 0.0956404137788485 0.693702689393627 0.294669605965341
1.01794169613951 0.098759153327768 0.654507698708835 0.228163501191367
1.08491861428943 0.106624356960012 0.945300915462355 0.335416343526536
1.1359024093777 0.103427401738294 1.78587683918474 0.301478462172446
1.02074638192253 0.101205443502848 0.959777780211304 0.289912744768238
1.07560239059082 0.0941308109156275 1.11865623752763 0.287849718187063
0.92675473667528 0.0994115014141184 1.13487711034379 0.354589758504067
1.06277918563799 0.099572114214862 0.556677280513232 0.277869223944877
1.11584333630522 0.0976648223875554 0.606942568924064 0.294744878740025
1.00278204242645 0.0970536177655487 0.542070365714206 0.370161221127743
0.952836408157481 0.104350904526641 0.809834440222325 0.392219655779617
1.01496585615265 0.0998890746607393 1.38820805590698 0.33676753881097
1.03222894376014 0.0991816571674648 1.53661411724873 0.330745808334492
1.07621836509416 0.095885096358823 0.995366698730356 0.366486478891109
1.00723748641311 0.103985460869214 1.43988785086071 0.320014939029648
1.02800152150043 0.0979239540712128 0.713864030880288 0.304090032261559
0.931609014540163 0.0950330421971029 0.118121229060763 0.340356530954095
1.19700973988449 0.100943043588621 1.19001662259909 0.379843182745051
0.927168096551863 0.10252459636198 0.814199089489105 0.291933671115391
1.12855166337656 0.0970651664689309 0.724747693167661 0.227270913175911
0.874114727595069 0.100004518302576 1.04762882386017 0.323453164247776
1.07524712881837 0.102008367886496 0.999663311880559 0.317717523208636
1.00480658973733 0.0941981895778236 1.53946148996086 0.32827193083864
0.99609388379802 0.0995048831904534 1.08242390953886 0.324478590230032
1.13429543675483 0.108422430767025 1.18818025339935 0.328349455890805
0.932127186808652 0.0976726875659136 1.54268238420671 0.302251996103852
0.903744483246243 0.100317933173621 1.44988740101655 0.302211207361801
0.991463991985214 0.0989315206733223 1.13741246674632 0.287542618385669
0.989620069717409 0.0957908721241897 1.11723118594803 0.333325718893349
0.983537348381865 0.0937993011887909 0.795271644402724 0.262901909986327
1.03955924342755 0.0949191936520583 0.604614488157621 0.331239275454258
0.95347958432575 0.103409878438842 1.37277501227473 0.285035784878883
1.0014108780436 0.099340595621196 0.870097170001283 0.286846622889419
0.989867227935334 0.102402835006464 1.45740723491082 0.270619397616689
0.851661982769023 0.104554633650766 0.579136374650257 0.271077136214541
0.933569931772083 0.0958913515591567 1.10032668490327 0.287703328669625
0.949587583970405 0.101613312629557 0.847109763566945 0.324567178961794
1.10166788214437 0.106774026095733 0.805408551006611 0.336955186476471
1.06665005045224 0.0966435962680974 0.224243971925952 0.355347052724772
0.984917169100945 0.108801552233396 1.6002990787346 0.299789762713491
0.975947211109053 0.0950520483887842 0.97823404352664 0.298526819877581
1.04174441738042 0.102398578865094 0.669057419534636 0.323637479316162
1.15520267278022 0.0957537258550116 1.0589148728385 0.310556251099651
0.961040039339584 0.104309219749843 0.691955113101377 0.30994209184133
0.919996112456757 0.106883665331925 0.89512405031487 0.234464385176385
1.00437185195643 0.0935842529845328 1.33105723199848 0.292349665419936
1.00214798202105 0.101992115646032 0.629168748893377 0.328197589552806
1.03602618146401 0.0999680168870922 1.17958326688963 0.397715895707261
0.973213566663905 0.103471648928187 1.01626852379638 0.24424308193547
1.1020778436232 0.097505460327501 1.22350037062019 0.290771888369303
0.966349413971377 0.0989644743128154 0.873531887359395 0.268695591494322
1.10443182393931 0.099216513428068 1.22313942033078 0.347107670343278
0.999765264083945 0.093607395088009 1.13190818227458 0.332074368581652
1.08573039318579 0.0982448952808379 0.934713935486478 0.283436884344731
0.821626415849915 0.101031250468327 0.610130426524699 0.302795323228925
0.839187688119055 0.101383570050955 1.257103232272 0.335329665106998
0.97465088191578 0.0974398339215479 1.17064074715468 0.36525948440398
1.11172234416395 0.102094187744582 1.65462702299944 0.284635254693067
1.04728632588192 0.100240713329584 0.926990087144084 0.297513180488277
1.06530790355434 0.0938776266493996 0.899913443960947 0.319966972000779
0.973900825320752 0.103751786114733 1.01322585472784 0.33278395867597
1.07319940638347 0.100700550450503 1.38108550944832 0.308253268985843
1.02771642332325 0.101698823252118 0.861663855812559 0.230264893761484
1.02806489722732 0.101056469149639 1.33954697649627 0.270386221092443
0.912199403185503 0.0991576542422847 1.02389996367642 0.322656483100385
0.888642363295247 0.0992999500657345 1.59142562641859 0.295784225722842
1.04194796510461 0.0995455585953199 0.958235028338616 0.265096682521052
1.17244372555138 0.108262568616599 0.834702050736106 0.343544722270049
0.835000401566066 0.10307303077952 0.702253888583259 0.325492529787227
0.942037329646657 0.103037350507855 1.20882019448129 0.277074006936897
0.895962765850655 0.0998833529060454 1.21452727126662 0.2881570899244
0.949025373693616 0.103460111697851 1.08742679328455 0.339124510725055
1.05274881833697 0.103230082778245 0.591600446297665 0.33851111688475
1.11093866057125 0.0998547195294707 1.03043612044854 0.338100712464354
1.04460684893319 0.105427857763854 1.90289123265103 0.316576284583827
0.903536819310317 0.104862518022061 0.713766997470648 0.385288801004106
1.20339418373582 0.101826136238298 1.12100674218548 0.249906896864293
0.969921822903671 0.103346223448047 1.33751646306924 0.3896557443063
1.00623676668015 0.0999344128781128 0.898969109926739 0.285094342040134
0.88180206127897 0.0951498203222909 1.18375388422789 0.302549915061525
0.910324400632613 0.0992777778686449 1.12780693355714 0.380604989808541
1.2011435705076 0.102674476687617 0.556402505725989 0.351079516880709
0.950306134655711 0.0954946890082844 1.05434176864294 0.294483738934888
1.08790358468083 0.0996363601904687 1.66241269663892 0.319098387211009
1.14586263950708 0.106592088454588 1.13202376849681 0.332810974242355
0.980134426560162 0.0982091875616922 0.739812017951047 0.27663710237095
0.871521705208021 0.0951915516378262 0.965682468632153 0.287982149477102
0.884590723106962 0.101430904708264 0.505055857421911 0.305276125849915
1.00030224513812 0.0990006833975871 0.405647904113509 0.298792292896557
1.06739573455903 0.10104000672473 0.290575252504589 0.312826159131178
0.808734100521633 0.105092223193803 0.885413137363923 0.325938839489932
1.05674270116497 0.102729034069607 0.974716105957897 0.325284679091382
1.09561606912512 0.102432070614013 1.40226954752116 0.316355087677462
0.792436642043851 0.0999204151656878 1.11479731231359 0.299311026532841
1.13696030276021 0.0963061173358952 0.982453532303208 0.25844476092275
0.921825488195352 0.102362170174429 0.859334870385796 0.294101268314602
1.00923401539694 0.097204511053473 0.864452934717108 0.318061506137189
0.97607595875004 0.100045444023947 1.02157726272205 0.2892982264609
1.08049875387371 0.098022245963484 0.90103237628323 0.359494086093376
0.914578286844266 0.0971476426925576 0.855387142118157 0.251462605985869
1.04982187999101 0.102111270076784 0.75989708723763 0.327806819140882
0.996552506040049 0.109395809459782 0.535095606203148 0.278084271175026
1.10989876344348 0.101716036785205 0.59609937597606 0.273811483747289
0.920046676463436 0.0975619676221679 0.866196574745742 0.296326922759449
1.14778236708922 0.101814142338821 1.1170236086162 0.247413663931146
1.03773289887905 0.0981359674952937 1.27164828178321 0.400075847125877
0.943399597618788 0.103672568461164 1.13673216852066 0.307013253989064
0.983642194545184 0.0946044587890316 1.19806767305323 0.314019918698367
1.03297546052282 0.102737889957572 1.1562617362206 0.335954158570157
0.910303982917074 0.0958746068024119 1.18986997864208 0.316057645762149
0.970276446706569 0.0951346111599197 0.700495722402163 0.301505900793044
1.11542590350952 0.0940943976178566 0.735251145965535 0.278727082698786
0.987098281193037 0.0958822920155336 1.00085374934035 0.322885132390936
0.982210128381595 0.0994001468931433 0.956563373837424 0.31988772408564
1.27901247345213 0.101753511079923 1.28646701066826 0.316058240703869
1.0501766461986 0.100699710151509 0.971153808160254 0.326066172125069
0.984439601681372 0.102098241191278 0.985855323149152 0.309916587867187
1.19084247140622 0.0989391734341685 1.16175552369561 0.267622430111016
0.895729617518604 0.102291263400079 0.626896380633501 0.374494797439846
0.981508824174691 0.102313367026003 0.740739893694612 0.313518738284616
0.916237720187104 0.0967436922362424 0.879261571517088 0.352407054445606
1.00934311060153 0.0997262063017105 0.842271290227225 0.317032549495182
0.88664019567218 0.0949974011079513 0.894788969917382 0.305045375296926
0.904042065810857 0.0997340603661023 0.668593740864938 0.366638417725003
1.01139197846549 0.103180898469335 1.04569081896147 0.381598748493575
0.884375837705274 0.100123842694487 1.18306981786224 0.367575619432427
1.04163852583448 0.100595297950711 1.22181933948948 0.332891308516388
1.11607064582953 0.0950554978712528 0.843379543482394 0.34700981443273
0.868967605898604 0.100149501489319 1.25658669407202 0.292528095037748
0.803348970496534 0.0950070597238052 1.01940835520575 0.296583319641943
0.980212486908815 0.104194252533492 0.919960164899985 0.346943605317728
0.886921795285634 0.0974163246678102 0.582256888106715 0.336048579534439
0.981176185692558 0.101609329422441 0.573941202582342 0.284458916256953
1.16328674798513 0.10594168022564 0.741074290817806 0.311131406267373
1.10068749132437 0.0998242463676282 1.25256757554782 0.318580701215017
0.969544288558345 0.0965763636566009 1.08554580554508 0.376841795461269
1.150636731895 0.0958365379181751 1.16409341614793 0.278748325039362
1.11660163875444 0.0996148104122773 0.883518289454175 0.288817061664548
0.906185098479436 0.105927123671165 1.14865155284596 0.299863308945173
1.02710297868191 0.10025737754203 1.28971258259266 0.270164940783002
1.11378881718333 0.101397247942375 0.452602019916771 0.318736115596637
0.814957026681607 0.104763476802302 1.00205842086278 0.360367346613064
0.878589716401646 0.0982912019037941 1.38927677026331 0.330840710922427
0.939496316720466 0.101636638091683 0.909924193417676 0.293877174265786
1.10642322485066 0.102050177042114 0.406331818751245 0.337442856626329
1.2477938306916 0.101983607887535 0.268981091108149 0.352199023149452
1.04417141273153 0.0949225516657228 1.05205625703227 0.353129483699382
1.03040992891128 0.0961585596518287 1.38778117163946 0.351428695323621
0.948120354501164 0.100441389354668 0.757960262372884 0.315940739767192
1.02615757554084 0.0976549147987359 1.28282446274307 0.313612833875867
0.932834203521947 0.101503693231959 0.990276842064332 0.289603194969134
1.01653529971024 0.107148303935463 0.917810424077743 0.335733859472221
0.822561805767235 0.0990382159117753 1.52287055220246 0.346189492981162
1.11875336023332 0.0968014055235722 0.889977081618007 0.299595729822158
1.05369278755384 0.0992155326560803 0.706422567231681 0.333289733373867
0.946814801438445 0.101063651989974 1.33763024752807 0.344348730933533
1.18921842516219 0.101225729881683 1.16053961033156 0.283865161737577
1.01300097997274 0.10077258810114 1.01794085174108 0.320263526384875
1.04710827238405 0.100433756700794 0.839314405408193 0.280264443811598
1.02881183914737 0.101128242784757 0.422625470571584 0.285050535505367
1.11622480805621 0.102183743219585 1.77370103791932 0.323570677269716
0.877420147749176 0.098579499269757 1.09511830529968 0.325190914158305
0.798321940068995 0.10682240449278 1.45869641364762 0.30996694662892
1.0887154427298 0.0980010720505748 1.09119847851644 0.271963796887491
1.03104297906675 0.104221969834849 0.747512411524443 0.288553682870677
1.0413236896703 0.0996282296411009 0.938844859910623 0.266694470467933
0.903128927320167 0.101736813503121 1.14234970118134 0.333862715018299
1.0631857099979 0.104993756923474 1.20944254933641 0.325691211329215
1.09699707714827 0.0967055607786365 0.605263312655902 0.304856331634966
1.04642279922379 0.102593145663078 0.772775454567896 0.295585493611076
1.05896653388551 0.0946970103060151 0.907687493270327 0.253751054673527
1.08036636714747 0.103102978421725 0.755550511829962 0.260770853722687
0.845183527809512 0.0960145375404684 1.02189196158036 0.291789561875829
1.03508714397946 0.101538467463493 1.24880601140637 0.296307144870103
1.15404142363339 0.0996022155516913 0.841112055977487 0.28945924149663
0.934877943665059 0.104794856691538 1.27505931580569 0.276013000355697
0.894610042100981 0.0953297724007615 1.01198373403935 0.265020393788733
0.84438979460914 0.0962766670919021 1.28745461071958 0.346163807778409
1.02277700480027 0.104335666162665 1.68428706559363 0.236387458778997
1.08378104582703 0.0991646747935139 0.847576631370801 0.340345706765374
0.877232496149962 0.0986794843051396 0.595035995857884 0.3127651130473
1.16270476955834 0.100648600167879 0.999998096789453 0.359629954175075
0.895442378056249 0.100634448094064 0.99920904069978 0.253382489937848
1.13365575577479 0.0988049342583425 0.712837606218054 0.28998533997095
1.10374398030862 0.101549045051229 0.853399045322493 0.330720557804253
0.903345685949 0.102140163114704 1.4666848080092 0.314673356840095
0.920832980898766 0.0944102585875121 0.785367776699789 0.314764111844005
1.11228896942866 0.0990285391837452 0.753166743711877 0.326133528305746
0.865288908958288 0.09981129715518 1.36241660584677 0.323113753660305
0.913547118663043 0.098162392789564 1.05459473930947 0.329160549187624
0.986447471562685 0.0988747042672717 0.902891739586487 0.33553114295121
0.997303105429341 0.0977201917234534 1.16254253415383 0.297694411872329
0.839396767106104 0.0974721922638866 0.717531024208148 0.282407221336488
0.826527517809198 0.0970806538059468 0.873085614641773 0.376530010203812
1.21321580299844 0.0901196595083181 1.01312665045038 0.321032918076908
0.920624582879812 0.101940746050341 1.15263775283311 0.284414620915332
1.12415891307279 0.100864748957657 0.902670762639832 0.376164915781856
1.11818865138451 0.0985133561263515 0.927237897459727 0.297099819493421
1.01179114931654 0.101174240353661 0.773633791399657 0.323574859605143
0.82228633599152 0.097814765529332 1.47327724399892 0.360818374793263
1.08028330802337 0.0995843689779781 0.805419659120245 0.307082358140059
1.03936891583536 0.0956180865762615 1.19776918910923 0.271004466986475
1.03290526727409 0.100035587177035 0.523101500861865 0.300050063680159
0.881444746453717 0.102767206255546 0.919896972421365 0.274778296682738
1.15534574105515 0.102246983703009 0.435640224955184 0.285334513726407
0.90147459449967 0.0979163507436345 0.546714631185378 0.283484003219786
1.05979482374549 0.104069215171396 1.03723328128121 0.343197878202376
1.03676364075113 0.0924834370442443 1.13723869383293 0.318290432991676
0.917474715203952 0.0976502716720186 1.2461090359945 0.279834787160516
0.900726399607793 0.102736387441175 0.994447695027314 0.262013951727675
1.03685401049513 0.0985057896033679 0.960715881217241 0.212105961860724
0.855285995498967 0.100674759312384 0.926038110712362 0.28109975234865
1.14151505215564 0.100779386406718 0.773918881347527 0.277986676177821
1.05917703583573 0.100486360615519 1.34431259410998 0.340242464764516
1.00745586889268 0.103068202629127 1.00322568557384 0.31907597009045
1.20259489237643 0.101137894050071 1.14123080067777 0.370817572470276
0.944823762385992 0.0973556006610413 0.704966603444737 0.331168907518405
0.952628329046545 0.0963053656491177 1.3405725510933 0.413182924013554
1.25722986871128 0.102647725557024 0.902492260124463 0.303005355718387
0.895578451764151 0.0958527113772059 1.2951504408048 0.312956095744793
0.749438847869481 0.104321959389043 0.799553753081657 0.323386515609056
1.03077813375664 0.101261487484886 1.3131133815801 0.321361049712711
1.0316557346125 0.101083103400198 0.78773544245354 0.234806677869914
0.955676547620743 0.103312254069297 0.91558295203104 0.340885254253365
0.879140864321052 0.102973568844013 0.942289426877242 0.318693357374192
0.98451862155597 0.0945249106802722 0.456053586797709 0.297059214367399
0.905837597118585 0.0980720524260038 0.946415498613987 0.315170620436289
1.00504116651266 0.100172553908637 1.00963120732095 0.367491611355598
1.07548314422833 0.0978163230383904 0.91488122857538 0.273494926630634
0.901643613751001 0.104752880526532 0.703674692508545 0.367844543180038
0.834083788043678 0.0995697648382733 1.30996791307777 0.248051826871137
1.17413224148389 0.0996728333338858 0.884450007218898 0.303219535469904
1.05098977164633 0.103891604333788 0.763225004385402 0.393445325085025
1.10293415428899 0.0983551988840502 0.810640672765548 0.312270816120046
0.99792059597836 0.0976857533350505 1.31941484217142 0.29799966169481
1.02778220132435 0.102019963689132 1.20389457654172 0.304529887981899
0.989908762605753 0.0993397270133524 0.566798560220688 0.285691248383929
1.01509817889539 0.0987684289365709 0.99712295783317 0.300122845482232
1.02642082020604 0.102476092149785 0.809610062432245 0.373194603693764
1.02278097801322 0.097626894096862 1.3609582631602 0.303548578412895
1.0928615414065 0.0978957036225617 1.06517040843722 0.324776061349033
0.954442618747002 0.10409407645116 1.78648861097346 0.338711159934246
0.924023919057113 0.10016022522844 1.50416928011553 0.333890800353368
0.914437614372524 0.102652455251176 0.996666578956197 0.344724141277128
0.831027559381088 0.0989644454621266 1.28794464726191 0.353884714089986
1.10979745967574 0.0959798943727907 1.36199154407649 0.258011201141437
0.959659898286841 0.103307531057726 0.991216030766992 0.352265495472553
1.11214475738906 0.099432836498894 0.73663824938882 0.290211323332689
0.95431975866646 0.102201867289877 1.26018729387638 0.274622295791914
0.874116391784514 0.103286519772593 1.14004228314352 0.307025748283812
0.941133660568527 0.101244669758951 0.775300431845254 0.337702511682067
0.855423475458194 0.0995163548418133 0.833716088375722 0.274288918507824
1.00051370466846 0.0914027405529906 0.607964895789311 0.355307222314252
0.917866545841017 0.10434816094574 0.288429807321371 0.313154060851155
1.12638604062153 0.0997437023775579 1.15516079150349 0.276869069319063
1.01112752991873 0.106678876957483 1.12075856081085 0.242827022128839
0.98667697507819 0.097412353599606 1.35865830748654 0.304771590018948
1.09135213254895 0.0930350399267759 0.394320572268911 0.359798521596021
0.974926201697824 0.0972504191457555 1.39641720861096 0.289036344718028
0.857714140798304 0.103031554325587 0.659246222738918 0.378772341081756
1.06108585389633 0.0928473154142417 0.718720661576211 0.340407467627624
1.01964896889641 0.0977279469667082 1.38505479610337 0.290100373103202
1.18450073289101 0.0983555265020635 1.09082854165763 0.34104732792289
0.888134707720602 0.0992933114058733 0.985780052535054 0.31438859390633
1.07164143906085 0.0983103212148006 1.05028814991653 0.277863954624316
0.984651187674926 0.0992644217887166 1.46085015253789 0.28565324720187
1.23381921489664 0.102583494922341 1.06719157404194 0.365796272759975
0.948110633901076 0.0949867894728088 0.954697341473792 0.249563876583481
0.994604839341787 0.101848374164494 1.15256482718017 0.334964384346815
0.862738185477785 0.100508021815321 0.559450102926192 0.374277334963697
1.15358630849919 0.102683039097862 0.573691553769086 0.365779560163512
0.912316397463194 0.108253986569742 0.862262111931723 0.360505680143114
1.0105286186456 0.0958308108339305 0.692419531625533 0.309581883180361
1.03252866656601 0.101760518502286 0.90490298881707 0.341753351185288
0.795718416353355 0.103162805056906 0.699709154718335 0.301927274120415
0.794297857975176 0.101529277446015 0.478550503515903 0.280915887977737
0.959106504859206 0.0991608340816414 1.55016765123498 0.320507247476678
1.05322609895704 0.0978987547628888 0.884037469876159 0.313549120631384
1.09884813421304 0.0917446493851135 0.166566577164943 0.31212848453932
1.06806556645273 0.100570695457172 1.02364653523943 0.318635959501108
0.90196921343504 0.104963979339365 1.17175723748357 0.323041721918173
0.970852757095518 0.099018068710044 1.11648512694453 0.294180070732234
0.967452972781291 0.102561475144517 0.373233569530633 0.301967718690934
1.08150919015419 0.105023536621732 0.476018719985862 0.287486432238198
0.790284908662441 0.0990253695732343 0.894408416549172 0.291864191171228
0.922204328970136 0.101301800951702 1.19726057698937 0.321848747693297
1.06821627107749 0.103400391494025 1.00293339208175 0.253400391022215
1.03219607715414 0.101052724026457 0.759378468979812 0.290541130545544
0.958126573196237 0.0989897582953985 0.574442179675787 0.304197037028783
0.963337547291044 0.102443577041297 0.939096104716149 0.307735217282939
1.10886682074174 0.0997303214390473 1.13077858344968 0.322888717694067
0.909477930373015 0.103615129843943 0.963347935252567 0.341285599784178
0.887889928857375 0.101782144703915 0.985006455102315 0.32480075322751
1.08972684127303 0.0999536146049334 1.10270825606619 0.347645627544679
0.875304615908207 0.0897543399371636 1.74784691348715 0.303298344746967
1.01498281205374 0.0975288793519788 0.996626386718434 0.279121300578062
0.926002253676326 0.102863305459849 0.982711450498452 0.292981584529199
0.972069131700641 0.0953408578881083 0.890555928817964 0.30489385010068
1.03544851336229 0.100768486300248 0.879138222697251 0.288657837895968
1.16608047769502 0.0988555261588013 1.22252208478638 0.351217327659665
1.09802131604737 0.101720966165935 1.09824743043427 0.34512603096339
1.04339620143048 0.102053312421626 0.876971766765797 0.270895998376627
0.951531045965729 0.101448363888952 0.478118008262381 0.315432742878675
1.17078832532331 0.0969053924837042 1.34330582597044 0.26919490219593
0.913202315872346 0.103625679598217 0.807236592291927 0.266916251578803
1.08458041349485 0.0987549259657296 1.04552594279137 0.29324369792267
0.897091413674485 0.105769039238843 1.17238203052021 0.338075038815406
0.883630274853174 0.0988442885195001 0.518447606460584 0.254355488958388
1.0951822627193 0.101721930164291 1.37228897324876 0.328058648345767
1.09865233396391 0.104158220630176 1.21019086370116 0.287955710702427
1.15054758175494 0.098077767578581 0.927673158351153 0.284442889599688
0.927124278745114 0.101391861379902 0.750109112544164 0.259995393724699
0.974515902405348 0.103631929902041 0.635101251360448 0.306057990094086
0.980983687544729 0.102905515634598 1.29238180914848 0.321788207185473
0.865767394029729 0.104259168315827 0.9642824773888 0.313496154088074
1.2004737498908 0.0996460202183282 0.836144686914643 0.257754912991991
0.957453451566076 0.0992618632846682 1.41110005390232 0.262857333449415
0.976230890981384 0.0998170565882178 1.0472886454838 0.269900610407221
1.10393920857864 0.0924213691674528 0.823480319705062 0.249176686563228
0.889903726737559 0.107602545926897 1.14409813527707 0.284139945953297
0.866790062921517 0.100093434744279 1.16999711758503 0.373063446622287
0.895108710722952 0.0980009926968378 0.972626533009125 0.332176757397012
0.865115702447333 0.105870166352374 1.14968909308651 0.355700204839764
1.1201697536383 0.0988606151346154 0.911851761181388 0.307033951887912
0.872862380273478 0.100049646021254 0.765011066317799 0.265024959482989
0.920819509632236 0.0960416441773599 0.817225873468312 0.356608251276885
0.858742628452022 0.104062447459957 0.753688486060424 0.308673231947836
1.01243255926688 0.0986530770865357 1.34213199517926 0.361691667250918
0.913841130172014 0.101567376608602 0.92446975281851 0.332176472292345
1.08752311154999 0.0971209557010853 1.3000462204909 0.282487034952479
1.14470954276529 0.096384462135556 0.8787193744927 0.267982128134345
1.00823648891709 0.0985128105120096 1.02066243394754 0.258712306835737
1.01181301537545 0.106443559802239 1.16183240680813 0.296542469466568
0.96625129463936 0.100391786378102 1.23229620402202 0.32861439065725
0.970174870999494 0.102721903955504 1.32276518203719 0.277575088782286
1.17149095612706 0.102401884800881 1.12838942031053 0.316416885259263
1.07199313785537 0.096845289118784 1.15774897138007 0.329634931714213
0.860099977487612 0.0951103028550817 0.951793084957963 0.354485310756515
0.986942134639323 0.0988382466229691 0.780088385821601 0.346662735027616
1.01422194302085 0.100473601263333 1.25944994432113 0.34951792268918
0.928450747266548 0.099082297762392 1.2594182896402 0.263601775134411
0.939439398517285 0.100317248582379 0.95083767073043 0.259258837049774
0.943722467618584 0.104996991357989 1.142438307543 0.234221601552467
0.904309096356418 0.101772453844952 1.26555295466841 0.239751605169274
1.05300985169664 0.101066833414979 0.869608547323295 0.324201894410988
1.27386443786372 0.101816569756741 1.69650231506584 0.332490044173305
1.05305493351128 0.100586873432488 1.34244501799137 0.310116668897971
1.09270161585022 0.0937896373790232 0.983907153747256 0.342075118273466
0.994642109271823 0.103128133088896 0.928529626936103 0.349968709541865
0.996559936094668 0.0971538447576935 1.62406547569625 0.348237519729517
0.99155460112767 0.100544583797814 0.690718336320812 0.318633552464572
0.911651603536274 0.103599216979488 0.797054534309171 0.319666422198496
0.943171448610971 0.0956327949164513 0.838716161665166 0.322438207960051
1.0389077722863 0.0993171570442535 0.897585751741029 0.3449963074399
1.05088237878515 0.106482889613203 1.76061389151601 0.337518773856052
1.0111713208544 0.0948732059281337 1.08158997883843 0.351827695983279
0.910498466286828 0.0956811555682276 0.832866580409137 0.253558705972362
0.938091071511113 0.0979965923215896 0.86381005505423 0.275564079663649
0.667457164876569 0.0945756480589682 1.30835754636468 0.306935035448768
1.03788760859363 0.104574803617614 1.43969810798291 0.300594870199612
1.08512261460274 0.0989398683642883 0.795607874194744 0.287216073061987
1.01402458013771 0.0988059492031074 0.990690930206689 0.307713659947605
1.02931499060526 0.0996033368347488 1.25929429112108 0.328377104189161
0.902661213459206 0.0999432206201562 0.941735659301512 0.358653297814358
1.01002693620609 0.0989392630979195 0.911993500675682 0.285581502572806
1.04499372226086 0.0953327206130004 1.5181389293453 0.327385771889692
1.02529923887257 0.0989551486969918 0.670116098835605 0.360383065124489
1.04183796559653 0.104310267732418 0.728821187458886 0.34140644018326
0.927938769856883 0.0998911642111882 0.978150988878763 0.362688585456102
0.82084833222021 0.0935272078439922 1.19063467842057 0.345425681199887
1.11480192116473 0.0932568119159223 0.576685230720142 0.311641713424237
0.961260498346364 0.0954358955964285 0.818450979979534 0.420859687496788
0.922605511314292 0.100045834047216 1.23803481048732 0.31657403409534
0.924358901299003 0.101236808685936 1.14306984914106 0.324925299257065
1.26186025218367 0.102298634070233 0.618574637425566 0.259304329893972
1.06272928789312 0.105782476908874 1.63447265922835 0.295219562025423
0.845000882795451 0.0990482977561049 0.997574033272809 0.275461841447652
0.914430342057917 0.0986621726700704 1.49203612146016 0.322969635458976
0.979963208821639 0.103343100587529 0.852709806021837 0.329486563735009
0.99582866493073 0.0971269570245506 0.728549631638094 0.365534121534163
0.964801943988388 0.0959843746407248 0.658320994044741 0.300071969130304
1.04544341789404 0.104291744683532 0.683937684719792 0.322024584784127
0.973127759364045 0.108163403584011 0.515214105536829 0.327783561777217
1.06431151220421 0.101133647366036 1.12828550578113 0.265262366404888
1.03099078390594 0.108072501437653 0.923788843691715 0.338735090943042
1.07985302181915 0.0977013265346314 0.906840340595424 0.369248444102375
0.873784927558987 0.0979739372293292 0.807278734183345 0.345542341734822
0.913464424593465 0.104250673419396 0.592466122392733 0.314358925784116
0.919401367123539 0.1059174222305 0.726317070882012 0.333096841091429
1.05237985791224 0.101369920508448 1.13023158008738 0.286271426213911
0.986743138002563 0.100722515259299 1.38136307876366 0.321789195533513
0.948963585003587 0.100804854406495 0.908390226581051 0.357653016654626
1.02352352887798 0.103116529115492 0.243813371916485 0.391709368933256
1.00494552081084 0.0972611087911522 1.10491529418498 0.320178625666163
1.0445851967188 0.104706618518452 1.04505440016829 0.242068238015706
1.03964096420555 0.102220867947702 0.543582976398933 0.342549683325016
1.08018897499285 0.103013192483752 1.06864546899826 0.304986583404568
1.01440029600105 0.0957266438121652 1.1859914357753 0.308800024007772
1.04384972998899 0.097940614898321 1.20418590470395 0.256697771053588
0.935731888298588 0.0995020680280969 0.443956494511545 0.298587576850545
0.975161355931547 0.0982422685391247 1.15693338314051 0.284121402404472
1.03916167359625 0.0980706579439195 1.29727458486048 0.297698991331556
0.997509645266328 0.0981250937686106 0.681227517734813 0.306509334762299
0.933984284747236 0.0997849212093248 1.48478811884854 0.285121183947953
1.01412611382945 0.104142553393913 1.00477862999557 0.335393030792917
0.949435360849826 0.093448137677268 0.942807240345367 0.310730317819852
1.1283941359617 0.0990482872088623 0.936617405055313 0.319732756305634
1.17766964956482 0.0954876113898898 1.35060936364868 0.319718924389891
0.929338713151931 0.0989062485976012 0.513150635494992 0.320846529376847
1.10463943964806 0.0943896042696806 0.740665118962527 0.322551556907649
1.11686553558284 0.100820295146139 0.807544398461485 0.334750205858938
1.05586495842969 0.101925312271919 1.21719367279704 0.372501443542241
1.14401843695732 0.0996747381330727 0.798614062612885 0.303482846497113
1.03077488921543 0.0950801139754698 1.20896370842528 0.277082980502245
1.07054256288101 0.106275772827516 0.644696461083773 0.258727375075281
1.14472805838196 0.103309881869642 0.730159096631264 0.324177199002609
1.13533796767403 0.0947856450123892 1.06766572603028 0.340803488528238
1.03428372498547 0.103950795736521 0.511968452084763 0.354004384516731
1.07288580614074 0.100326535172058 0.925292742127682 0.212813572428369
1.05784267385056 0.0956967120718421 1.20806977305748 0.330341803323354
1.09914420284093 0.100269312506993 0.78088392497056 0.283943352680723
0.959332406415937 0.0988496593740713 0.813253885501034 0.366994849349107
1.07968883167685 0.10025479992725 0.635795604666998 0.28403752062225
1.12298939003186 0.101233747387324 0.777573510867727 0.360479348134947
1.03036702606168 0.0994100993851589 0.922184608742157 0.285382300343063
0.943946258891667 0.10126388295106 1.48338157428618 0.281549825536151
0.973988650571888 0.101494206349273 1.31734539660402 0.322275121910757
0.899865330732048 0.104640135657317 0.747338957289038 0.353902824958824
0.994794346853086 0.104797655806618 0.872662560213623 0.370194043396016
0.848575743270433 0.0999457837090886 0.404423895872956 0.320141750747942
1.12490270126339 0.0955972945961779 0.850916460926052 0.300646668668061
1.03812921750721 0.100185545982666 1.68990913871418 0.336937579325845
1.06738567050524 0.10561961084239 1.13150261098233 0.348179733242806
1.1420272124963 0.0996497676395604 1.02603080486165 0.296534881456574
0.978678258619052 0.0998145458615634 1.67568043270666 0.34446633539423
1.03198994156492 0.0953621546184056 0.989519277023047 0.369516678167455
1.03609773999904 0.0953819189407436 1.05873022888064 0.275097675951774
0.821898871127079 0.10368120422606 0.34797123295767 0.340972482255494
1.02314992727595 0.103552943172957 1.29778754802631 0.334002004352722
1.08592361579728 0.0977503522967431 1.1191265810092 0.285241876522203
0.961832463732672 0.100167344993218 1.13622357641097 0.312821824702442
0.916909621279741 0.0995138706747364 1.01579728446789 0.315913691223641
1.0192938820173 0.101152460736901 1.32751085055261 0.290540101551826
1.17352558587437 0.098019085555871 0.992926506392368 0.329060525598698
1.01595340618432 0.0995089361992996 1.15120515697457 0.35855259591967
0.933529459151809 0.0940864504242992 1.29480395882163 0.318373570813137
0.973499057556105 0.10370959826909 1.48658119931854 0.332485178917282
1.10156435370225 0.100404369248438 1.05527439162465 0.319480541228772
1.1517080353238 0.0993473105231602 0.88614988794311 0.335140118722002
1.11867791820606 0.0958055285389599 1.21388615775304 0.279097641532657
1.03504148544348 0.0975176516413012 1.24781524287451 0.358508802617717
1.14361183289517 0.0986004904412691 0.750349070163217 0.280409796368197
0.719592214614001 0.0994168139672987 0.499179986821256 0.369133532467572
1.05118104324261 0.10698510586029 1.42863521430342 0.306362225944471
0.921905564616956 0.100376837843513 1.36029955387983 0.344472183887426
1.03361168117993 0.100914081046882 0.431149136090586 0.321206826462323
1.01685793240782 0.102041219706017 1.34047294546913 0.291889733085927
0.742875478789805 0.0978421768546898 1.02110413528773 0.295686604165655
1.15386958213518 0.103137381026303 0.601718926835463 0.313737218337327
0.984239622740771 0.106916838791917 0.773855815442776 0.31881284284147
0.954121258748754 0.0970593377337064 1.40677645332972 0.367829426264493
0.863592185159988 0.0988794640062005 1.07003081941273 0.316359809980755
1.07875488170513 0.100778156807738 0.923421123054295 0.366876822247502
1.01037495430612 0.0997306274521501 1.39462672966493 0.27378573878255
1.01067674853353 0.100789209901482 0.322272877078881 0.313400666827645
0.905297629919956 0.0975470492081942 0.929000757415393 0.304500647406056
1.06499773654294 0.0972681099450872 1.02676304769404 0.338394823522173
0.979181593581987 0.0951803493777409 0.81425923836395 0.355856490102598
1.03046840828161 0.0986466442414042 0.842127241544662 0.262068218593961
0.938089152271197 0.0984437463189519 0.687352296550725 0.330170921666358
1.14206904904299 0.0948806628309428 1.10851772090195 0.287885484587017
0.907269363020803 0.100829607524286 1.28456194814236 0.284869066415254
0.912231745232232 0.0973384520231026 1.10509305740111 0.379031420255079
0.91568713278764 0.106820272699177 0.303002868576562 0.246867035403237
1.01856214346176 0.0960777602214374 1.20200723895515 0.348657874338472
1.32106316543123 0.0995314774477545 0.738650237409257 0.31911240961382
0.950717270822168 0.0993879135678962 1.0313284688418 0.347694005711603
1.08224488698856 0.0917208071466724 0.917789495789317 0.316276579570583
0.99300230346269 0.102629609629867 1.56022961980905 0.319459464296043
0.877518757148565 0.100254311606127 0.795908926770045 0.294415407769671
1.05507666998416 0.0957533443137845 1.21198571317129 0.196536792090415
0.987957060590919 0.103109255468694 0.87269795632315 0.268031610309412
0.984662363559817 0.0956187601609588 0.844580878985684 0.333094646007113
0.987515997667675 0.100288377513739 1.08046910082957 0.27270154043491
0.99071755437028 0.0980300202178752 1.00576224112598 0.341621405685319
0.846776275455655 0.104405117025963 1.27574167203654 0.285499500110584
1.06966166803348 0.106590938710544 1.15353004419758 0.307757865569431
0.878493379873003 0.10694184079838 1.17790226037183 0.295551031345094
0.995269212642638 0.10280947958899 1.25313196613594 0.328795399246572
0.899653743080369 0.0919200932361725 0.870758941997218 0.361650549581983
0.803565730935125 0.103236155476786 1.4843085548129 0.337980871708625
0.846024917596867 0.0988160980925184 0.939314733189591 0.292126173978328
0.840477425380418 0.105217500420774 1.25943061718315 0.357499192431656
0.913848982715623 0.102140708537385 1.23806876519067 0.343653486235603
0.86254106049232 0.103112722346412 0.649765416836016 0.310518221080696
1.0212645692994 0.094313208559731 1.63889447660603 0.33082419130091
1.08941075143864 0.108343397652571 0.887459599430057 0.311632427680507
1.05530998302059 0.103493053238535 0.888926585036557 0.327495308423446
0.987762455255551 0.104318942281557 1.09439826130426 0.365158384773709
0.985600668042575 0.100628449021329 1.09820735280351 0.319360935045166
0.978247901693014 0.106515678018508 1.2499338395426 0.303026516504243
1.10013675097042 0.0998070917859279 0.792297640685981 0.239607259736398
0.845132403782949 0.0996111490041106 1.07253498644415 0.396581688722643
0.963294123423055 0.102279643693058 1.03180573003306 0.33756665888668
1.04819975790258 0.0941167840042008 0.471636037170782 0.31654017563989
1.0388700383807 0.0970371879109132 1.28620219505477 0.321282178791364
0.922968819116556 0.100997178634963 0.96559144562612 0.314533997733994
1.21087740957425 0.0944078050892289 0.995204802735946 0.353835909076167
1.198977401036 0.105256722891557 0.495864259026149 0.352759440138679
1.05598155756739 0.103128392313058 0.967137852049672 0.265346893273079
1.02335541675072 0.101908884709088 1.21602219996024 0.31886073806653
0.92765480533339 0.097230564483487 0.927555128046732 0.248120024984803
1.08995385041195 0.106207139610199 0.50485986849403 0.259928380934814
1.03104782527123 0.0956786013854594 0.956695259764848 0.268146718399838
0.738201938961453 0.102442295043919 0.791314525479441 0.33008624571184
1.12127955846977 0.100305238887622 0.879055575651854 0.387449188808529
0.962065828567251 0.101121467423282 0.886784295345202 0.360204378869046
0.850127393931598 0.0933905580439022 1.25199083033635 0.308547675122043
0.999684568330357 0.100248123037202 0.751657204976229 0.313671639927266
1.1634938199419 0.10042527010193 1.15782947355506 0.28742918291222
1.10656786458663 0.0988355251465158 1.27796339777784 0.306294767260616
1.08883450612045 0.106092801342242 1.13760423326382 0.331967556673335
1.04840252672963 0.0981498235719958 0.82818119931684 0.27502926813324
0.950657844579245 0.0994081875594738 0.8786746396248 0.324746554577661
0.889386396613682 0.103968277015505 1.10730762506695 0.29544912339593
1.24811375609174 0.104750656450211 1.37723120044245 0.320461150266802
0.818566557874282 0.0944401787679735 1.11943492164838 0.359627317046757
1.14829006976635 0.0993829089118286 0.805717045904345 0.36834165504351
1.03306677808353 0.0969917743108033 1.18209220303175 0.378921236366221
1.03464285640444 0.0985029594917613 0.832064409327679 0.297757476797952
0.885213403755312 0.104477248863314 1.17346824317896 0.24073889871209
0.956207080764061 0.100776435214519 1.01723749622787 0.302214811266309
1.00886734924886 0.0988634909466491 1.00426366345793 0.350876677044581
0.820117690382645 0.100286863750202 0.834157171969588 0.305914395008831
1.18563835146891 0.100580525804001 0.799282420424966 0.347654801039196
0.807888260096235 0.100127840619529 0.854310597671546 0.336710886235899
1.09481669228364 0.101372924856542 1.01706340093396 0.349147104858058
1.13011721273898 0.104433256284853 0.933807356455876 0.306802068965629
1.06237115416448 0.0960118227944769 0.957108446841194 0.374781182540639
0.954543810291361 0.102621915717887 1.05612940115122 0.29972739850998
0.881110034480853 0.100076782373421 1.02399238342353 0.430486557256706
1.14256771105453 0.0966852864001984 0.900414490795667 0.337634347856362
0.924728310447637 0.105142392485054 1.96390497785866 0.305920077576051
0.925099673259123 0.0982639707780014 0.897375816734047 0.348395607031738
1.14951101317686 0.102223567081619 0.904766850167486 0.337248295205801
1.11126212065401 0.0982007392627377 1.26683101310746 0.372583960926777
0.884312963788274 0.103374633435827 1.29509606695505 0.397720465710226
0.886289753129487 0.0976630637632688 0.719303308535512 0.414800548398528
1.00424511099392 0.0971400559195816 0.622949739601592 0.376831015922004
0.950025521725141 0.0933632668120429 1.50337853818352 0.23930489213781
0.878547569437202 0.10184192316406 1.06848656137833 0.376271239398325
0.949068917419988 0.0938564074188487 1.29916863465601 0.304684601923188
1.11951947802996 0.102010570455403 1.28087045284731 0.264184523286107
0.893278829918377 0.105277002605957 0.250625376056135 0.365530994213146
1.14984878887417 0.09919178473758 0.716553286302382 0.31810006722486
1.01501338962146 0.0964790858376289 1.12745178513512 0.358593345345635
1.08533804086965 0.0982573923647949 0.917228274691023 0.285887042453263
0.891033303735999 0.0989362536169768 1.0136827590782 0.310338879094917
0.939239430468925 0.0969012207661657 0.961191813679234 0.282162350802229
0.999455295947709 0.0999154064549585 1.10792450605526 0.291027322811988
1.02815112504761 0.100669699977711 0.241282961760725 0.354290634967394
1.04179307893331 0.097531764943692 0.965243521677374 0.283661396565469
0.965748212352398 0.100939194818311 0.673685208906533 0.259746778700224
0.84298047384583 0.0986484706831924 1.0660571894179 0.297825338526647
0.986121848691693 0.101616189793296 0.779665086670897 0.328060194241238
1.05266476834425 0.0918548611389256 1.03862751227833 0.334881410548184
1.00836009568062 0.101783591362183 0.787529603009558 0.270239641459391
0.908716077130311 0.0965472767740929 1.04946997898102 0.275426767337915
0.95499940697626 0.0987973143650716 1.24049083691087 0.297068492512212
0.947409235853602 0.0989764084348812 0.994865015277462 0.248264346606061
0.83453747223461 0.101523438818284 0.598511280025387 0.342143217499224
1.00980679472098 0.105006104508945 1.06233993184894 0.283674156205952
1.03932958122825 0.0962968560406566 1.34669312015014 0.316437442593752
1.07761876599576 0.0990538797402637 1.18550155820345 0.279514673850505
0.983338063136408 0.100212951315739 1.33869167434155 0.353505935790623
0.847057111723601 0.106446551034005 1.00201427554601 0.305363201571022
1.00253044761773 0.0996535103512364 1.36888533640907 0.293758111567723
1.00808845804088 0.0939306652561351 0.85169445138272 0.297790699589887
0.974294880915807 0.105704807770724 1.25772443765748 0.31322989363296
0.85491522544942 0.100160459286437 0.667474301122269 0.317075805008058
0.975318924321452 0.106380709606622 1.16016602818588 0.278499349501417
1.16505137816704 0.100341929576794 1.36254355941036 0.303877001355063
0.954456212193018 0.102606401621577 0.682148685770426 0.289847784902958
1.06026823320633 0.0971766715665827 1.21572128536515 0.319750146708677
0.986802909407605 0.102806227886212 0.293363353303756 0.330949545038645
1.02045401571944 0.101996925630354 0.964412749104346 0.298158451169602
0.871715877807855 0.0967971262332587 0.859159159988609 0.38141577220647
0.981242382741893 0.0969545744822043 0.542868096339431 0.296573723756615
0.888974915175269 0.100173113683008 0.871685539432865 0.273252668621047
1.10488306812006 0.100403820252171 1.15289117806194 0.304929905646672
1.03917098602415 0.098085792132106 1.53903514191121 0.329568657304238
0.896603014569152 0.0952268674279983 1.52672175704199 0.313379504308524
0.994387414226664 0.104229159141457 0.674669818084467 0.313370423059723
0.953119448739568 0.102785584440226 0.782785562372559 0.283115267176714
1.07398731902576 0.0968620954004125 0.782774679096726 0.319554485758877
0.978598258954181 0.1017893049086 1.42695637051081 0.31475021170039
0.978343862420581 0.0979354657766836 1.22980525218235 0.372951866715793
0.957046238532716 0.10362813948559 1.10866041165365 0.358141982012795
0.963916293502492 0.0999763980308051 0.627836726487332 0.341403345832842
0.835713985515138 0.104576224212232 1.47328416071677 0.367870430320126
1.01779674044513 0.102113721921642 0.809592208095826 0.350488951485231
0.825379378939177 0.0985823028972279 1.31766456677143 0.317864735310239
0.841908253329122 0.0979006009610822 1.08732082682684 0.283847069878875
0.977625333789789 0.103819635844835 1.34345647623636 0.312678276893271
0.801195368299646 0.100707621539477 1.02293012116627 0.31056828554006
0.956265802604349 0.107999900843277 1.4020631994371 0.363760540779097
0.977783627473296 0.0981406544037399 1.32677469020612 0.308937692919405
1.12596116758423 0.104239861473287 0.591167400024721 0.258281556369235
1.02480952394292 0.104811438945197 1.26769079066573 0.348078418867269
1.04441594560629 0.107269678751433 0.828602837344446 0.324378219648691
0.859615858633799 0.10950962955838 0.887907388987847 0.33488314927309
0.894498842034747 0.0962708767657494 1.11844331938707 0.288565393652984
0.882042836770769 0.102995788351419 0.955323382561068 0.344818515105514
1.05727359933147 0.0963439749140378 1.242180598292 0.27734546837826
1.04686163805463 0.0976828792642874 1.15018460281562 0.342101110123163
1.01095555589787 0.0975701024077352 1.02335709956167 0.330314133059626
1.15284578308697 0.106357466023844 1.09998012882955 0.308587990426783
1.04756450471672 0.102967303921178 0.693418872081493 0.340040911869432
0.994562295891285 0.0986035207149944 1.01856046553417 0.343201827601305
1.11083048805673 0.102222383561469 1.03672768779054 0.281951042282716
1.23749903949607 0.09466850673606 1.04037806200797 0.333387482518272
1.07048577893788 0.102599735462542 1.03692008930044 0.280371518306619
0.869489443267602 0.101554990654581 0.894522305547719 0.30551224955848
0.831948891355455 0.100495370947519 1.18003707727124 0.309450818423781
1.07272936190756 0.103309305530521 1.4664373408802 0.32264101971422
1.04171650476715 0.102433466958293 1.32442145046524 0.306939325586071
0.919201983988852 0.0943955050413802 0.39617645619057 0.293605443434619
0.828914224172275 0.0987175512577376 1.34560210320661 0.358960608410879
0.918429607403291 0.10015334595805 1.43214547579066 0.328218681428936
0.985585643635391 0.101847636455181 1.27868513257799 0.370913859036963
1.10464527041996 0.0982819955041589 0.947991935607426 0.328100300347361
0.956786555749368 0.0982506021876152 0.459118611638016 0.275724534669099
1.00836153241305 0.0935554171403252 0.753745123031229 0.329390454698689
1.07017497486357 0.100954624277295 1.27081222671988 0.305572631010779
1.10848537401714 0.100090707356778 1.14216712702947 0.369782787676128
1.04136583358902 0.102422632196214 0.644987087482746 0.305161475291139
1.13044728484971 0.097588389168412 1.08214280368542 0.288817031039013
0.988055474176069 0.101126977142374 0.41762247305489 0.317097198828997
1.18708713448437 0.100075630765126 1.08671954326953 0.32536567358401
1.00006181338316 0.0923581474463799 1.40225666919199 0.285085829194127
0.980677888869769 0.10243716497202 1.24759491144014 0.28298139974937
1.07109401546705 0.100499207254951 0.901188044667149 0.30708745574219
1.12942684447279 0.0965727637166561 0.918804095757672 0.297622326703761
1.06418098653751 0.0982722354157023 1.45907056591018 0.283979472394865
1.1408067126732 0.0981591265772556 1.0441190650067 0.33757677257374
1.14771287144269 0.104820274108913 0.981401502728196 0.288820178344192
1.05082141216954 0.0961657828441179 1.10057213143215 0.364781757917687
1.13747042830469 0.0933563998845255 1.05912092519785 0.3437711025073
0.991906071303354 0.0932916618263237 1.0225350353767 0.249735805033488
1.00077765445094 0.0982453021349385 0.883541136193469 0.289780401370804
0.997080491931463 0.0992589425944455 0.969607041158287 0.32071734719543
0.876822767522965 0.0963720887014476 1.20119186673239 0.325200466090823
1.03771746086104 0.0984736649965038 1.0569594436419 0.346966439008334
0.984431528765816 0.0935859798743257 0.919443670608847 0.354373578825939
0.972698164663324 0.102063431807045 0.443658001286561 0.272672159166801
1.10886652132827 0.0973132158435775 1.25531184760708 0.355346307843325
1.04996692953434 0.0953645802396577 0.955835364559218 0.248016314841243
0.965891740553725 0.102226828626872 0.755839890166853 0.340622648061522
0.933276343252042 0.0998500223240886 0.878282774422315 0.304335060962721
1.30687794137992 0.104735889022158 0.764268071723109 0.247496927883929
1.14745914592178 0.0968127947886428 0.944497128469829 0.339802540482947
1.07017011252591 0.0994490131584972 0.756275262101628 0.330021109766833
0.863262557607557 0.0990413918417052 0.831381841369815 0.300351612714566
1.05800434474394 0.104088889664708 0.723453781596537 0.261989048597877
1.14285503586757 0.102322726944339 0.552962760234655 0.344702951841959
1.04968352602798 0.100235662393069 1.1923008853871 0.308325332739446
0.988288173911413 0.0943960416795143 0.932002060948607 0.352545738963069
0.88801650067729 0.102543976671852 0.831438924294685 0.290924831772594
1.29372898739929 0.0939017437079517 1.12080049617833 0.268692495324196
0.880369693700459 0.0983511002562488 1.17171003559976 0.346197362141507
0.970744458136975 0.0973837717900578 0.858528149996261 0.305471317751834
0.817948083834204 0.10317108524082 1.37206791048923 0.313691760483311
0.822433550845305 0.103738716489511 0.975767500973989 0.330083325559444
1.00352194153179 0.104943280299573 1.27129831510903 0.351527481137639
1.0096797761862 0.104060191614671 1.57659202075877 0.322276016406726
1.15039605439543 0.0940339823274392 0.78765662845598 0.304819053454108
1.0718966757545 0.105490018709357 1.07119946404593 0.259490842112119
1.16911233190018 0.0952954506225583 1.13519193908504 0.242307997652555
1.09639831150717 0.101220153999705 1.01976112282434 0.357027149100405
1.0007309521295 0.097477530460547 1.37721975236908 0.322720421439676
1.03426990358736 0.0992756164139918 0.655427215626912 0.291697815191016
0.97926646861691 0.0981886835674053 0.533744356688221 0.302604624670608
1.00698210276308 0.0974468885182325 0.599017360720228 0.252602465961026
0.975360474094231 0.0949735315480132 0.912308711892435 0.326003535184754
1.08756520857468 0.0944016621522178 0.717954165572719 0.405620040586694
1.16826400365717 0.1005459767688 1.21787826939606 0.257223247258602
0.937346638393075 0.0976982779151625 1.42479054673276 0.321501802086325
1.22747940646887 0.0999205534166917 0.979604722553028 0.29490378268942
1.1683354559047 0.0982841947636461 1.34326268471414 0.334904339900764
1.06486754650326 0.0991292868590195 0.927662520609098 0.295334710889294
0.95309197434172 0.102181093148791 1.79500215979615 0.37511177234212
0.992216171228989 0.100698855691222 1.06772184243578 0.258625692710236
0.956121092054807 0.1015549620679 1.14661714292283 0.281004677504726
0.893271081374733 0.0962090398807144 1.37664269175242 0.38752257172868
1.18214552423596 0.100360570747679 1.40881944499845 0.400250979189342
0.832634935184661 0.103222606868296 1.17123417763763 0.298749145749478
0.814045379405278 0.101114731741019 1.07351195035447 0.301324444193474
0.950705612943817 0.100369621101241 1.64820027400274 0.335007965088726
0.988360780729497 0.0948980810861363 0.698267471614284 0.288675173917919
1.11403386247792 0.10164306364371 0.605407602749445 0.326889891415091
1.01268958398953 0.0962810484209982 0.609786920014944 0.329806960289029
1.02638880077144 0.103756885983147 1.09525037417967 0.296880503966578
0.89073502259149 0.0992859940541948 1.00898821877224 0.359818612215206
0.873671310470608 0.0983861704717134 0.797641678033852 0.257198188227102
1.20502186033168 0.1025631164165 1.3178484337094 0.310095193956168
0.920232473802826 0.0955379121576605 0.780889748471018 0.318159720356571
1.15625208752492 0.0991285423898372 1.1529862000963 0.383305590039967
1.06973737493716 0.10201605043775 1.11646223365571 0.321515191552598
1.07437592026248 0.100193763306595 1.20647513129858 0.350281783629974
0.947047842157236 0.10196591764102 1.19426582499479 0.296552929946102
0.927104939810501 0.10006726002659 1.05685473394105 0.359508027556906
0.889755346218489 0.0982080034009074 0.439565916948987 0.322780205311906
0.826952465090305 0.101267179006361 0.892189330867048 0.302899989532555
1.03063725130688 0.100970096083933 0.981409601744678 0.346729504330391
0.900418656476878 0.0963176080379199 0.843299777041843 0.309432245430546
1.11458260666056 0.0954450499823968 1.23488740283145 0.33541698352835
1.06169238713677 0.0997838290279043 0.808203655433503 0.339466614644445
0.720871040012899 0.101291206230959 1.35959644468826 0.327117803468456
1.13079569873964 0.103492554595434 0.573988186644022 0.229106738838691
1.05113402044966 0.101701628073268 1.28497700771163 0.337767025582142
0.993731479266864 0.105706061091192 0.862110990279159 0.31624337516277
0.841595404031426 0.096999265521972 0.589088140188967 0.321743064846236
0.958187264077638 0.106670062269972 1.08086841935217 0.259594853845591
1.094534635576 0.101492125548119 1.16270604612549 0.314668122056967
1.08698805438514 0.094561041411974 -0.0545013762044471 0.304765239327784
0.977094450574504 0.0987308245887435 1.66348052618014 0.276907135699677
1.09034679577546 0.098306590156402 1.43621082033385 0.258751169159341
0.981944044939393 0.100518650485557 1.19552028982475 0.321061143405999
1.0252198952286 0.0985195211597548 1.12209609052774 0.330120170112324
0.974866205116464 0.10374223861479 0.781279115091153 0.32184989015605
1.12022812421818 0.0997342577883299 1.28918245574706 0.312051454803239
0.860256781169236 0.0987041929237297 1.05850412991228 0.273873298807351
1.15932642346789 0.107158302994767 1.07665198054841 0.24291445377927
0.953004206375106 0.0980491205338336 0.231423581800501 0.26006731924568
1.05858971778722 0.105136832042781 1.36226329887522 0.25382012493764
0.943468281488054 0.0983471814450576 0.982074804579264 0.356006751331853
1.035272728589 0.0990829962427806 0.898551660629493 0.297350473038862
0.958148436625568 0.104215779426431 0.963069984665771 0.33484420263676
0.894154362306554 0.098108548391945 0.708164110235225 0.336638875112712
0.918618619249825 0.104503693206398 1.22873609474381 0.318297710870621
0.900258212287733 0.100662271679759 1.31796815277816 0.272202004979513
0.882527166294276 0.10040359839186 1.66874481675019 0.353937729501527
0.881059588764674 0.098733724685996 0.711109824458389 0.264381558417393
0.936340991788932 0.0972114744390542 0.708536435927899 0.280986092528271
1.05212888393887 0.0996191218902852 0.555271147558173 0.308415189752768
1.06024296627757 0.104653699418254 1.06695303277008 0.334681604903444
0.931923299036825 0.10067310303836 1.44431464903988 0.369156090639291
1.05699541278921 0.0979249376132335 0.498059104764953 0.339083516849472
1.02825295367693 0.0947746074062875 0.599129235403746 0.351600471735273
1.03978292057367 0.0971050417748448 0.714454091156382 0.342949410154095
0.991113340172123 0.0959554664626304 0.694272427151197 0.298185272113854
0.989074244915835 0.100669120179758 1.8114035657619 0.326449915946742
1.10353347046501 0.102561576031645 1.26951257435825 0.292476575305136
1.08568800037694 0.105206228306664 0.910591515299967 0.325278937752084
1.0022728805917 0.0996978456929701 1.17895274558713 0.27029296556486
1.1174566336769 0.105300027483221 0.964181722346252 0.357738323437374
1.0535442900411 0.0956521478267255 0.740738749929455 0.247386864441868
0.823457231434744 0.0968189124550958 1.19765584462982 0.351145151636931
0.809169994649248 0.10005536092418 0.95936340670645 0.279521240046026
1.02984983529778 0.105256728074563 1.1053715038037 0.325108020033181
1.06753435650742 0.09803065522878 0.381494978838941 0.294505102753282
1.12537360904964 0.101877097556786 0.750244645657098 0.362178005324937
0.858419935684146 0.0985943074309311 0.611546228137575 0.351810291224561
1.04656088087549 0.0982655462420333 1.16218738421259 0.284735534903774
0.874724020003037 0.0961058512274434 0.990728116237324 0.325583958308928
1.12983678199458 0.0927044707492369 1.33716520444862 0.297382399561612
1.06143209609796 0.0985148215414526 1.36747456139595 0.31636822474388
1.02437799067822 0.0993604066104359 0.359279624198286 0.260251913741759
0.999352134529452 0.0882260519839703 0.748716824032934 0.277894336858362
0.912938215958531 0.0996212293718012 1.0245082899739 0.351722344863951
0.88835233369352 0.102148884860697 1.17886486906755 0.36592444932492
0.98990795134105 0.0991628757911065 1.51809747799065 0.271000421469642
1.01458131214475 0.105198002925748 1.54118798035702 0.276173942603241
0.996960783824616 0.103967978696039 0.601235188487215 0.301902181551186
0.904394871570926 0.103003308677288 1.30819627794229 0.331576256943578
1.05020543913668 0.0997471805770802 1.29000374382836 0.35360673630293
0.986111787986031 0.100283307952526 0.484718382457121 0.368609967278349
0.938870680332484 0.10220721885133 0.581971363795746 0.28997640828279
1.09734607183926 0.0973990032937091 1.13621203652127 0.316098461866554
0.867972732941412 0.0987990598135687 0.717869411573595 0.242287311684122
1.01835440870998 0.103195131206369 1.15973299929466 0.325408128573282
1.06870961859864 0.108593341799953 1.03562028198939 0.26396923661411
1.00327396068836 0.101307609204936 0.588054130063358 0.357187292476222
0.79803744002483 0.101205459866117 0.938925429031989 0.340682370979088
0.93338460266798 0.100877702057666 0.521125883540582 0.321485941512746
0.867572118234142 0.0952925068398568 1.42500722123692 0.260981906962549
0.97998024862277 0.0959795267046017 0.96384087973279 0.288207954020556
0.990780734922361 0.0944315411204775 1.19386713297985 0.324209926219637
1.23938087177033 0.102096972954814 1.40747052644415 0.298462942618883
1.06852030950714 0.0896466854214597 0.569351102478588 0.29016238895428
1.00851305710924 0.0954145969351395 1.36200192227747 0.352734188333527
0.94811853476826 0.103857044074466 1.40449901387821 0.355415921638691
0.946595937478282 0.0954342605522306 0.812881580140139 0.35705211457744
1.05261538222661 0.104011115550752 0.803779958469285 0.311995921433765
1.01077316995366 0.100574046094232 1.0063519725036 0.265702523329891
1.02688066636438 0.105262965759313 1.18103882463573 0.307715646573835
0.922057925832784 0.100376029978226 1.21934541547843 0.252060338385168
0.989638328763408 0.0967237874607729 0.855041490168553 0.277389371268203
0.964778288703342 0.0948931010887235 0.859351022894129 0.276177767324822
0.960747230658981 0.0985286811773955 1.15722409817798 0.359700896557666
0.996145508234381 0.0922326638351672 1.08081282437493 0.258714813516677
0.964867186322622 0.105757197921553 1.12545689846313 0.285115800748082
1.00172808721403 0.100912706126912 0.781565322912792 0.281776735100462
0.904330220264539 0.101481354938882 1.08176251847592 0.349755651858458
0.800636142292506 0.0970627592882435 0.746533422963113 0.308990660962113
1.07900664461508 0.101012880330405 0.737043922633122 0.355603225825822
0.952471500837245 0.10440731617222 1.07600688395628 0.335657584201856
0.98928534837215 0.100715196632522 0.797807280496813 0.273377034724266
1.03406007379861 0.103234080381593 0.784712340182332 0.277614111755751
0.894633089755908 0.0998194946485576 0.760688414357872 0.313464198301087
0.930248480670059 0.0959014160850212 0.683671851010631 0.283951323084298
0.932069407679028 0.102562113590001 1.44754858744514 0.303113183820718
1.12570905324689 0.0980437597753645 1.060285033209 0.315745084319037
1.09488613402394 0.100309181717947 1.18252116943944 0.327800444452246
0.85598149201695 0.0911016524817642 0.714004093524487 0.264106984566349
1.06044972450768 0.0955949020447463 0.609786682395226 0.330492385132862
1.20727172780143 0.101536300099504 1.00768158200339 0.324663373379251
0.840387372548899 0.106579203284006 0.93330146237144 0.260436435845898
0.944467637914253 0.101065344839486 1.50526931873561 0.325533507644906
1.08680474066319 0.0984026391682575 1.13171979663461 0.31736907108695
0.909171093088359 0.105002260663458 0.73317287253898 0.342639990206702
1.15246062896924 0.0974420450070061 1.09977928076569 0.334534305748192
0.989741211510977 0.0959965672438596 1.60077070585192 0.368566423701994
0.75987381224881 0.0986835766481805 1.29572449387911 0.279951062895046
1.02320828919342 0.100107807069483 1.28189889169768 0.308462444693013
1.00585336181247 0.0930677511954053 0.982962888480813 0.266346160625694
1.13355138734859 0.100343858446541 1.41280650637646 0.278428575712553
0.943338691528233 0.1034472438073 1.28503284467965 0.344883860396561
0.984093987454268 0.101683178436171 1.37263014281093 0.348000752983148
1.07301995190746 0.0986008230882216 0.830789472248117 0.299184206264987
0.980222935310754 0.100140174504862 1.53281645475613 0.276296776742486
1.08980984533498 0.100278776863587 0.574687232536092 0.332406748136942
0.946804785330482 0.106273279752468 1.31857666404678 0.285522073314701
0.878176431703858 0.100467275140176 0.780300604923994 0.34087693791631
1.11232007802866 0.102328318786301 1.09084851543152 0.356632854912769
1.03144317192725 0.0991943490016308 0.533584768903419 0.313249254470604
1.1927926541774 0.106435837849548 0.904159240675991 0.217948142386695
0.960395225805474 0.0999130648021597 1.28041263816389 0.249921897201652
1.02552279586909 0.0967556676583245 1.79516777924732 0.278616916345655
0.969398053761795 0.0922407953493128 1.47629564019009 0.25939191698639
1.03182840545758 0.0993488305938651 1.40335637803154 0.295080468856564
1.15270867574745 0.0993976745701454 0.716762482747544 0.267964002897256
0.943278133602287 0.0991569254470692 0.955904938685473 0.328527810787425
1.03283453514378 0.103267199756643 0.785020791297564 0.327853292659678
1.1005944939514 0.104589884523459 0.676196569210658 0.308320856860773
1.00824579530121 0.101502957233325 1.06251805743225 0.289618671875414
1.00290878291998 0.101717498053806 0.966714074826802 0.328497156364354
0.931822232947516 0.103363377667619 1.03277654055232 0.32357704271607
0.819576339852435 0.0982113946943065 0.946290780033235 0.37450391520852
1.02602790019125 0.100408680568484 1.26136152233822 0.288817546077695
1.09434877344897 0.099670651508843 1.07039585173979 0.298128825302988
1.08389014281333 0.0955943901845464 1.12352400607899 0.28275649475811
0.965673467274612 0.0959281131403722 1.1418320362347 0.342388299527281
0.721420959735147 0.098978530237916 0.868518084532929 0.30378975126863
0.842916927329693 0.103603177205276 1.2017146451785 0.359833284140344
0.905895032363899 0.0962944225706274 1.14442129841841 0.311079388103547
1.04551578647755 0.0998851102258194 0.606038790253204 0.300814748923494
1.05812335739891 0.100151742711484 0.984194771164385 0.28756974736095
1.14699752498767 0.100268387818122 0.879117833570383 0.290408272916484
0.971040552775773 0.0924532102208195 1.13238276513878 0.305420658959132
0.953601555870881 0.0952854206764576 1.64819291357046 0.272679620135928
1.08568080971324 0.105242024098002 0.493397165825271 0.330544422007833
0.851228656262454 0.102003287636296 1.3987915265725 0.29398177042865
0.849749966360045 0.1013414477602 0.763318636193513 0.322208827543238
0.861409316246641 0.104828307126122 1.16573781350395 0.244111941513737
1.00397836859455 0.106634265045447 1.33094743157693 0.350192332584103
0.913629771745618 0.0942028050862722 0.901543474432759 0.346051287705022
1.00694856747709 0.0989284982491264 0.806165211831793 0.341935832704285
1.1815783257977 0.100253615641522 1.15794962424749 0.289717368799644
1.15533448337925 0.0987026295144194 1.20728675358141 0.295516487949961
0.882625716487987 0.0985142063916119 1.33462430519451 0.315664962407907
0.963224020328029 0.105809326160138 1.02444698004567 0.344661258308736
0.999364083958138 0.0998016133411188 0.64913457374834 0.266971265847759
1.0179017043183 0.10263640287315 0.64573733603669 0.294962479043137
0.950012521698794 0.0961144499440172 1.08724465621808 0.324292766845393
0.946355358009067 0.103201824805691 0.531247447555426 0.33278443584604
1.0308642255854 0.105375016765211 1.01645947790421 0.25267743863267
1.0258834217048 0.0980195217904858 0.526633547998264 0.349196069144054
1.04596333806578 0.0938275155367938 0.398683907481834 0.311549419600335
0.993826639205244 0.0962399723364407 0.677378554970101 0.222034260089762
